1000

3
84.4 18.8 64.0 13.0
77.2 14.8 84.2 5.0
89.9 9.5 89.3 6.1
3
72.8 52.8 28.8 8.0
39.7 33.0 14.3 7.6
39.6 55.3 8.2 7.1
2
50.5 41.8 54.0 37.2
59.8 85.1 71.2 7.0
2
77.3 89.2 27.6 7.8
85.6 80.6 56.9 6.3
2
65.6 36.6 68.3 16.4
41.0 76.2 44.9 20.1
2
87.0 86.4 13.5 12.3
81.6 31.5 52.0 9.7
2
48.7 52.9 74.6 7.8
29.4 44.4 36.5 15.8
3
69.0 25.1 55.9 12.4
57.4 61.7 89.5 6.2
32.7 71.4 18.5 7.7
2
65.7 74.0 73.3 9.1
30.9 12.0 50.6 7.0
3
63.2 34.1 78.8 14.8
33.8 21.6 84.2 14.7
81.9 71.9 65.0 5.6
2
63.7 37.5 41.5 28.0
72.9 25.6 89.3 10.2
2
26.4 76.8 59.0 21.2
54.8 26.7 82.9 13.6
2
55.6 44.7 55.6 17.5
92.9 62.0 17.2 6.3
3
72.8 13.0 83.2 12.9
27.6 45.2 84.7 8.8
13.2 72.1 12.3 6.0
2
37.5 53.2 49.4 17.4
85.0 50.7 84.6 12.1
3
9.5 42.7 34.6 6.4
27.4 53.0 72.8 21.2
67.5 34.8 11.4 8.1
3
93.1 47.1 16.6 6.8
57.2 18.2 87.4 10.0
45.7 62.0 19.1 5.4
3
72.7 38.5 63.7 18.5
20.8 67.0 82.6 12.9
37.6 51.0 67.5 10.7
3
49.7 51.6 44.0 43.5
24.0 44.5 89.3 8.9
22.9 26.3 85.7 8.9
2
75.3 35.5 58.7 6.4
39.7 27.3 47.0 7.7
2
92.5 49.2 77.2 5.2
57.8 67.6 85.1 12.5
3
25.6 25.0 43.1 19.3
44.7 17.9 69.1 12.1
19.4 82.3 28.9 16.4
3
38.1 28.0 72.2 17.4
87.5 70.3 84.0 11.9
15.4 61.7 34.4 7.4
3
9.5 6.8 92.5 5.9
27.0 47.5 49.7 21.1
68.0 46.2 30.4 7.7
2
12.5 42.9 33.8 5.5
56.9 6.6 8.8 5.6
2
30.8 83.2 44.7 5.2
30.2 59.4 70.6 9.8
3
9.4 24.2 43.7 7.4
82.3 61.3 33.4 12.5
43.7 15.5 50.7 14.8
2
30.8 75.4 74.1 20.3
79.8 66.2 76.2 16.2
2
14.5 71.5 59.0 11.1
36.1 45.1 35.7 26.8
3
34.4 60.1 73.6 8.6
85.5 9.9 18.9 5.1
77.2 69.0 59.7 15.6
3
44.1 43.3 93.6 6.4
41.4 28.0 8.2 6.1
69.9 65.0 55.9 26.1
2
57.5 32.8 35.4 29.7
21.1 44.1 67.0 14.0
2
76.7 11.5 68.8 9.6
19.3 84.5 34.1 12.4
3
59.1 32.7 49.3 21.8
32.9 11.9 84.7 9.8
89.1 51.0 22.8 5.5
2
44.2 54.2 89.3 6.9
80.7 23.5 82.8 11.1
2
30.6 77.9 27.9 11.2
44.3 86.5 74.2 6.5
2
28.8 33.8 16.1 8.7
38.4 65.7 94.1 5.2
2
62.1 74.5 11.5 6.4
93.1 8.8 12.4 6.1
3
69.8 85.9 84.1 7.8
31.1 32.8 18.4 8.6
92.3 84.1 86.5 6.0
3
80.9 58.3 36.7 9.5
35.6 60.7 16.8 9.2
21.6 74.6 7.3 7.2
2
53.9 88.0 85.2 10.5
12.0 19.8 22.4 9.6
3
14.2 26.9 38.8 6.5
76.0 56.6 72.8 10.4
89.1 22.0 73.9 8.1
3
47.6 58.9 49.3 18.1
38.0 83.1 89.3 8.2
32.7 18.4 67.2 15.8
3
38.5 37.0 46.6 28.0
54.8 10.8 21.4 8.9
24.8 16.9 86.9 9.9
3
28.8 78.1 60.8 8.1
91.5 30.4 88.8 5.9
35.8 36.0 64.8 19.0
2
35.9 34.4 60.1 28.9
16.0 89.5 9.6 9.5
3
38.6 60.4 18.1 12.7
22.2 47.8 88.2 7.4
50.3 16.9 78.3 12.7
2
38.1 51.3 66.3 22.7
55.8 84.6 43.7 13.8
2
29.3 81.8 69.0 6.6
54.4 40.7 39.6 19.5
3
33.5 22.6 26.0 19.7
16.3 73.6 67.6 14.9
37.0 80.3 21.5 15.6
3
75.1 12.4 13.1 5.3
11.0 34.2 57.2 6.1
43.6 9.5 64.7 9.5
3
85.8 65.1 52.2 11.9
20.7 26.7 24.2 12.1
92.0 54.1 73.8 7.8
2
28.6 92.4 19.0 6.6
8.4 58.8 24.5 7.9
3
86.4 33.9 53.7 10.9
9.6 91.5 53.3 6.1
38.3 22.5 81.8 14.6
2
81.4 79.8 33.6 9.6
92.0 37.5 12.1 5.0
3
85.9 34.3 47.3 6.2
86.6 33.3 35.0 5.9
26.2 61.3 54.4 13.6
2
76.6 16.0 85.3 6.0
18.8 72.7 79.1 14.1
3
79.3 25.3 56.0 6.4
48.7 24.3 86.9 7.2
12.9 52.9 59.2 11.8
3
33.6 79.2 46.9 13.0
53.3 35.8 35.9 23.1
64.2 90.1 86.3 6.6
3
32.8 57.8 44.2 10.4
51.8 93.9 31.2 5.6
75.0 21.0 75.3 10.6
3
23.3 75.2 42.3 13.4
43.0 86.2 78.2 8.8
76.9 51.1 8.7 6.2
3
22.8 32.0 53.0 9.0
57.6 73.9 82.0 12.4
39.1 6.4 48.5 6.1
2
66.1 23.1 33.2 22.9
46.7 73.2 10.0 5.1
3
59.8 22.1 23.0 7.1
69.8 65.9 68.8 22.5
11.5 16.7 69.8 10.7
3
25.2 13.6 14.6 8.7
21.2 13.4 78.1 9.1
64.2 21.4 23.2 19.4
2
62.4 20.2 36.0 10.0
5.9 31.7 41.3 5.1
3
16.2 26.0 93.1 5.5
50.9 31.4 28.7 9.3
42.5 14.4 78.3 10.1
3
57.4 31.5 34.5 10.9
90.3 40.8 61.0 8.8
66.1 22.0 71.7 13.6
3
6.1 78.7 93.0 6.0
87.1 32.7 13.3 10.5
78.5 40.7 78.2 5.2
2
66.3 66.1 16.4 11.3
66.4 94.2 52.5 5.6
2
22.7 25.5 63.5 20.3
7.0 62.2 37.8 5.2
3
47.8 21.4 81.8 9.0
34.4 73.7 29.6 10.5
81.3 56.2 74.6 15.8
3
85.1 6.3 84.3 5.7
18.4 61.7 63.9 18.1
74.6 29.8 45.4 9.7
2
21.2 60.4 41.7 13.5
25.8 39.3 73.1 16.3
3
33.9 85.6 81.2 8.9
68.5 40.4 37.6 31.4
88.3 41.1 91.9 6.0
2
63.7 74.9 17.3 14.6
28.8 85.4 71.7 13.9
3
50.0 56.3 80.8 17.3
29.0 38.5 26.7 17.8
79.1 17.0 36.4 6.7
2
78.5 59.9 50.9 5.8
57.7 85.4 14.3 5.8
3
65.4 37.5 62.1 33.0
46.5 84.0 24.6 11.7
52.8 19.5 8.2 6.9
2
57.0 46.6 31.5 19.9
84.3 81.7 28.3 12.1
3
89.8 58.7 10.9 5.2
65.9 53.0 70.9 11.7
33.1 35.1 42.0 18.6
2
92.6 64.4 53.9 6.8
29.6 60.2 57.5 16.2
3
54.6 41.6 74.5 20.2
25.4 78.6 73.9 6.1
75.5 38.4 43.2 11.7
3
68.7 13.8 47.3 8.3
56.4 82.8 57.9 9.3
83.8 30.3 16.4 13.9
3
73.9 75.7 54.6 16.1
77.1 81.5 30.0 5.8
40.5 90.7 10.9 5.7
3
59.5 32.1 66.6 18.4
67.5 42.9 86.1 5.2
28.3 42.4 32.9 18.1
2
83.7 19.7 84.1 9.1
88.0 80.9 26.3 6.8
3
43.0 15.8 15.8 9.2
65.0 90.2 65.5 7.2
56.8 48.7 54.9 24.3
3
83.2 41.0 62.3 15.5
92.8 61.8 28.7 6.4
76.9 23.9 19.0 8.9
2
36.4 78.9 84.4 8.8
48.2 54.1 52.6 8.6
3
73.9 67.0 57.3 5.1
74.5 24.3 70.2 13.7
71.4 15.6 37.5 13.1
2
41.4 44.1 45.3 26.8
82.4 82.8 75.2 6.5
3
85.4 30.7 79.9 7.2
78.0 77.2 51.4 20.9
41.5 80.3 45.3 13.7
3
65.4 75.4 21.2 15.2
21.6 55.1 92.3 5.5
61.8 79.2 65.9 20.2
3
35.2 38.6 87.8 10.8
24.9 50.1 31.9 9.5
53.9 85.0 36.9 8.1
3
8.5 22.5 35.7 5.1
44.1 16.5 52.4 5.4
82.1 35.5 19.8 15.4
2
18.4 10.2 57.0 5.2
51.2 17.4 58.5 8.7
2
49.5 69.7 43.5 11.2
20.4 22.7 86.7 12.3
3
85.5 52.6 7.6 6.9
12.4 50.1 93.3 6.3
70.8 57.2 30.5 19.0
2
68.1 20.9 43.3 9.5
90.1 13.9 23.8 9.3
2
59.3 8.7 84.5 7.9
41.1 79.0 30.0 20.0
2
55.3 53.2 84.5 12.8
68.6 69.9 28.9 15.2
3
66.6 71.3 39.0 18.4
42.0 44.3 38.1 16.6
85.8 81.3 16.4 6.3
3
82.0 10.6 47.7 5.2
43.3 35.8 49.2 24.0
43.8 33.8 15.5 6.0
3
83.6 83.9 50.5 14.7
69.0 93.6 84.1 5.0
18.4 32.9 37.7 13.7
2
14.2 81.5 78.5 12.4
12.0 16.1 19.0 9.1
3
20.1 48.6 24.3 12.7
58.5 22.5 77.4 19.9
52.2 72.3 57.2 13.4
2
17.4 40.6 62.0 6.9
52.8 62.4 89.2 9.9
3
33.6 24.1 19.4 9.2
91.4 42.6 28.9 7.5
11.4 68.0 15.2 7.1
3
22.1 52.9 25.4 14.3
67.1 29.5 50.5 13.7
57.4 88.9 63.8 6.8
3
75.7 43.9 79.0 17.2
81.7 84.1 13.9 9.9
10.4 35.2 19.9 8.0
2
30.1 71.6 82.9 15.3
55.6 68.1 64.0 5.0
3
15.7 91.0 73.2 6.2
37.6 35.1 12.5 9.4
21.9 80.7 27.3 11.1
2
39.7 76.0 94.6 5.0
35.9 69.5 31.5 18.3
2
6.8 29.3 59.6 6.8
80.0 72.1 31.7 15.2
3
72.3 45.4 11.0 5.4
73.5 29.7 86.7 6.2
86.3 72.5 85.0 7.5
2
26.4 50.5 77.4 10.6
55.9 34.0 20.7 18.9
2
29.6 78.0 71.6 17.9
53.7 70.7 26.6 26.6
2
53.4 16.0 77.2 12.9
64.4 60.5 31.5 17.6
2
50.7 27.4 28.0 8.8
77.2 18.5 93.5 5.9
3
66.1 29.4 54.8 26.2
81.2 44.8 19.0 6.3
54.7 66.3 10.2 6.3
3
91.6 36.8 40.0 7.9
59.4 8.0 38.8 7.7
10.5 40.3 60.7 9.8
3
72.8 59.3 87.5 6.1
79.2 88.8 33.5 6.3
85.3 85.0 64.4 8.0
3
84.0 11.0 67.3 5.4
40.2 63.9 83.4 15.8
60.6 33.1 49.4 26.5
3
72.3 54.9 55.3 10.9
60.8 14.4 16.4 6.6
57.4 20.4 62.8 17.6
2
65.2 77.1 14.0 11.5
60.7 37.8 50.8 17.9
3
68.2 18.8 41.3 17.0
71.6 93.8 70.4 5.9
67.2 79.8 59.7 10.9
2
76.0 25.8 77.1 14.9
30.0 31.8 61.8 25.6
2
62.7 91.1 33.5 6.0
40.1 67.9 91.0 7.4
3
13.4 9.3 92.4 5.1
23.1 42.9 59.2 6.4
35.7 74.9 13.8 12.8
3
82.1 14.4 33.0 7.1
64.4 55.8 45.5 33.6
21.9 18.3 31.7 5.7
2
60.5 8.6 12.7 6.8
28.1 10.3 58.8 7.5
2
65.9 79.1 48.6 8.8
20.3 69.3 52.4 6.8
2
35.1 48.0 65.3 13.3
33.9 15.3 65.2 7.2
3
85.0 49.6 66.0 11.3
77.3 65.1 82.2 10.7
85.7 15.8 53.3 13.1
3
37.9 34.0 91.0 7.1
36.8 61.5 57.7 32.0
9.1 18.1 52.1 6.6
3
13.6 12.0 44.0 7.4
32.4 38.2 67.5 18.8
85.6 33.9 56.9 7.5
2
55.3 28.5 71.6 5.7
42.6 18.4 23.7 8.2
2
82.8 46.9 12.9 9.9
42.0 82.1 68.2 5.9
3
85.5 73.8 33.4 5.6
67.6 37.0 70.2 20.9
11.2 70.4 9.0 8.8
3
69.8 25.1 92.4 6.3
13.2 60.7 27.7 10.3
64.1 82.3 20.8 14.5
2
88.3 22.6 68.6 7.9
58.9 83.5 30.2 9.8
2
30.2 55.5 82.7 11.2
30.7 30.5 46.9 16.6
3
79.2 59.9 14.5 8.0
57.0 17.4 86.4 10.2
25.3 29.5 87.8 10.5
3
62.5 13.1 24.1 9.0
87.1 24.7 48.9 8.8
60.4 34.2 79.9 5.4
3
78.8 29.6 59.5 11.3
37.9 39.4 9.2 9.1
91.3 39.6 25.5 7.6
2
89.5 55.7 40.6 8.3
20.7 39.5 40.6 19.6
2
74.1 10.4 75.8 7.8
85.3 25.7 24.0 14.7
3
32.7 45.4 59.4 24.0
63.8 10.1 40.8 10.0
77.8 65.8 37.3 16.7
2
20.8 22.8 57.6 5.0
45.8 36.0 52.8 9.9
2
76.2 51.7 35.0 8.5
38.6 54.6 54.7 27.2
3
43.5 22.6 9.8 8.5
33.6 68.1 32.7 22.4
25.4 9.3 84.0 6.2
3
23.5 72.5 49.3 23.5
88.9 88.9 50.6 7.9
80.2 55.1 30.2 18.8
2
88.7 49.3 45.2 7.4
42.7 78.8 15.9 8.6
3
18.8 56.9 70.0 15.2
36.4 41.4 41.2 16.4
81.3 32.0 53.9 13.2
2
77.2 28.7 77.7 5.3
73.5 48.0 47.4 6.5
2
51.4 33.3 24.4 22.1
35.0 75.1 53.5 20.4
2
50.9 65.0 27.8 23.0
65.6 54.3 81.5 8.1
3
85.5 64.6 37.3 12.4
49.3 16.1 8.3 7.6
62.9 72.7 22.6 13.4
2
29.5 22.2 10.7 7.7
53.2 30.1 74.1 19.1
2
32.9 28.3 42.1 23.5
79.8 68.5 52.9 14.8
2
44.2 27.4 29.6 24.3
80.7 51.3 41.7 18.5
2
68.9 62.8 56.1 12.9
74.1 62.1 12.0 6.0
2
14.7 70.5 23.2 14.0
77.2 78.8 70.7 10.9
2
46.6 39.8 73.4 17.5
37.1 70.8 48.6 5.6
2
87.9 49.3 12.0 10.3
57.2 50.1 56.4 40.8
3
75.1 79.5 86.3 6.1
52.0 49.1 58.5 40.3
90.3 32.5 10.5 5.0
2
25.6 33.1 32.9 5.3
39.7 52.7 24.9 6.0
2
10.0 86.6 75.4 8.5
80.5 88.7 62.2 5.2
3
59.8 17.6 84.9 5.0
25.7 30.0 69.5 18.1
72.8 48.0 80.6 12.3
2
15.2 24.3 58.4 11.7
56.2 66.9 12.5 11.9
2
13.7 17.9 66.2 6.4
68.7 7.9 16.1 6.8
3
45.3 59.9 49.7 30.1
91.9 68.4 22.8 6.2
26.7 12.2 77.0 7.4
3
28.1 18.4 20.3 12.7
66.7 59.6 34.2 28.5
37.9 84.3 75.9 7.9
2
57.7 66.6 65.5 8.7
56.9 27.0 77.9 9.5
2
22.7 78.4 85.6 6.9
11.5 36.5 32.5 9.5
2
21.4 73.1 29.6 8.9
42.9 85.0 88.9 8.7
2
21.8 22.8 60.0 9.2
13.0 20.1 25.3 12.1
2
85.6 78.5 44.8 11.8
59.5 75.2 86.1 13.9
2
58.7 63.3 55.4 28.3
53.1 16.8 20.6 13.9
3
37.5 67.9 28.7 11.7
73.3 44.9 29.0 11.6
24.8 12.6 44.7 7.7
2
40.2 16.6 11.0 5.4
55.4 26.0 37.0 24.9
3
9.3 20.1 59.3 6.5
73.3 66.0 82.2 7.0
73.3 59.8 38.2 16.6
3
79.0 42.8 42.0 9.3
48.4 58.2 74.8 20.8
51.5 21.5 42.6 5.2
3
84.6 74.7 74.8 5.2
48.4 85.7 35.4 6.0
55.0 51.4 53.7 9.9
3
60.8 30.8 37.0 10.6
16.3 87.5 71.5 5.9
42.3 6.9 93.4 6.5
3
74.8 10.8 23.7 6.0
57.6 12.6 41.9 10.7
57.6 68.6 17.0 9.8
2
89.1 70.5 55.7 6.3
87.0 84.3 70.6 9.5
2
50.9 51.8 40.6 35.3
61.7 93.1 83.3 5.7
3
43.7 84.5 41.2 9.5
25.7 22.9 20.7 9.1
79.9 67.9 34.7 6.2
3
52.6 28.9 52.9 12.9
71.8 27.3 75.2 10.7
30.0 64.5 8.6 5.6
3
69.9 36.9 26.2 13.3
87.2 67.0 60.5 10.1
29.9 71.5 91.9 5.2
2
69.2 92.1 22.7 7.9
23.9 69.7 45.9 10.5
2
25.9 49.7 82.2 9.0
24.6 88.6 77.8 7.2
2
12.8 75.9 58.7 11.8
39.5 84.9 77.1 12.0
2
48.9 40.8 57.8 36.3
17.0 53.8 6.3 5.9
3
50.2 49.2 90.5 7.2
55.3 68.4 44.6 27.7
80.8 21.6 18.2 11.2
2
51.6 83.6 27.9 12.4
32.2 22.3 79.6 8.0
2
71.4 29.8 51.2 15.8
30.6 6.3 44.5 5.0
3
55.6 49.6 11.3 11.1
17.4 74.9 81.7 8.3
40.7 60.1 85.3 13.5
2
12.1 36.1 62.2 10.2
44.6 24.4 87.8 7.3
3
59.7 12.8 74.2 10.3
91.6 37.5 75.0 8.0
17.6 86.4 58.7 5.9
2
28.4 82.9 16.1 14.1
34.8 21.4 90.5 6.0
3
88.5 77.4 49.3 8.0
23.4 57.7 66.2 21.2
56.3 81.1 35.3 13.3
2
55.3 48.5 38.0 26.5
13.5 69.4 88.9 6.9
3
80.1 39.0 79.3 10.0
46.4 25.5 28.6 20.9
19.6 7.5 90.2 7.2
3
36.9 67.2 47.8 20.4
30.4 73.2 84.0 12.5
66.8 53.4 23.0 15.2
3
45.3 80.6 44.7 14.2
8.3 69.7 40.2 6.1
29.4 26.9 37.3 14.4
2
23.0 27.1 92.4 6.8
79.5 82.8 69.8 5.6
3
81.2 58.2 67.3 18.3
14.8 73.1 42.0 11.3
61.8 33.9 35.2 17.2
3
21.8 75.6 71.8 9.9
66.1 84.2 52.2 13.8
71.4 17.8 49.9 9.7
3
87.5 24.9 16.7 10.0
89.1 36.2 76.5 10.7
74.1 72.1 62.3 22.3
3
69.7 27.2 66.0 24.9
9.1 27.3 41.9 6.5
45.0 46.9 79.3 7.1
3
48.9 55.9 42.1 24.1
72.7 57.5 80.4 13.5
91.8 63.3 69.8 5.2
3
78.7 37.7 20.2 10.1
13.8 54.9 57.4 13.0
48.5 87.2 32.7 6.6
3
68.6 21.6 55.8 15.7
46.8 25.3 65.7 7.5
64.3 17.8 20.8 13.2
3
18.7 75.9 53.5 15.4
53.5 12.8 46.2 7.9
48.5 35.1 88.9 5.8
3
60.5 45.7 49.9 21.8
93.6 18.5 36.0 5.1
25.4 65.6 62.8 14.1
3
41.6 44.3 58.4 31.6
56.8 52.4 94.8 5.2
62.3 86.5 87.9 8.0
3
16.2 79.1 57.4 8.9
41.4 39.9 25.3 10.7
7.6 73.5 41.5 5.9
3
80.6 40.3 13.6 12.6
22.0 68.2 25.5 15.5
44.6 32.8 8.4 6.4
2
82.4 15.0 30.9 14.5
23.2 48.4 52.6 15.6
3
75.7 26.4 36.4 23.9
55.9 46.8 91.1 6.0
36.7 28.9 84.5 6.5
2
68.3 18.2 93.0 6.2
52.5 35.1 73.4 5.0
3
71.2 37.1 64.8 15.6
29.5 32.1 16.3 15.1
66.3 32.0 17.0 16.1
2
51.1 88.8 61.3 7.1
38.1 41.8 55.0 32.5
2
39.7 74.2 72.4 8.3
60.0 25.6 52.1 5.4
2
21.9 33.3 45.4 13.1
42.0 21.0 74.2 5.6
3
51.2 49.4 73.2 6.5
37.1 31.8 87.1 5.8
23.3 70.6 64.4 19.5
2
50.1 81.3 58.6 9.9
7.5 14.2 23.3 6.9
3
64.8 20.2 49.8 8.9
37.2 21.9 9.8 6.4
75.7 82.3 43.9 9.9
3
12.3 63.7 24.6 11.6
51.6 49.4 39.0 31.9
86.7 93.1 85.5 6.9
2
65.0 59.5 76.7 19.1
28.4 52.6 24.6 7.5
3
30.5 14.4 69.0 8.0
51.5 71.7 62.6 13.5
22.1 40.3 65.4 6.8
2
32.8 58.1 88.3 9.4
53.9 30.1 48.8 17.5
3
46.3 71.8 77.5 14.5
44.1 26.1 42.0 13.4
69.0 27.0 35.0 5.8
3
83.1 11.8 55.9 5.6
25.7 30.1 90.5 5.9
90.5 29.4 90.0 5.7
2
28.3 63.5 26.0 7.9
30.7 18.8 40.0 14.9
3
44.0 50.1 33.0 23.6
25.0 15.6 47.0 15.6
75.8 92.2 76.7 5.3
2
67.8 64.3 15.6 14.1
62.7 49.2 72.7 14.8
2
18.1 52.1 80.5 10.1
19.7 20.9 60.7 5.2
2
81.0 84.3 59.2 13.5
46.0 68.6 70.3 22.1
2
8.1 74.7 37.3 7.1
80.5 76.3 66.0 13.1
3
58.8 88.6 78.0 6.5
55.1 44.9 59.5 25.2
32.4 12.6 67.8 7.0
2
63.9 62.4 39.5 13.7
25.0 72.0 13.1 5.4
2
24.5 89.4 13.6 9.4
9.0 19.5 65.8 7.9
2
82.4 73.3 69.7 12.6
73.2 6.2 78.1 5.7
3
70.7 39.3 52.3 13.2
13.9 59.7 15.7 12.2
38.0 77.4 85.5 13.1
3
25.0 62.0 67.9 12.8
73.1 35.6 50.6 22.1
11.9 39.3 79.9 11.1
3
73.7 79.2 80.3 14.3
70.8 57.4 49.9 5.9
31.5 15.9 80.1 9.2
3
37.4 93.9 16.7 5.7
58.2 71.0 57.4 21.7
18.5 41.5 44.4 16.9
2
23.9 80.6 78.1 14.9
36.2 39.5 50.4 22.4
2
44.4 57.9 74.9 5.8
80.6 37.0 22.0 7.7
3
58.3 83.1 9.7 6.5
26.5 75.0 49.4 19.1
88.2 47.1 51.4 10.5
2
33.3 26.7 93.4 6.0
79.8 39.1 35.5 13.7
2
41.5 42.4 63.5 16.7
69.2 63.5 65.1 17.1
3
40.8 39.2 41.4 37.9
92.8 8.3 9.7 6.9
92.5 35.4 28.8 5.6
2
56.4 76.4 31.5 11.1
22.1 42.8 73.1 19.7
2
18.9 94.2 55.3 5.1
21.1 91.4 8.7 7.6
3
93.2 21.6 61.5 5.5
81.3 89.0 36.3 7.5
34.6 10.6 10.4 7.1
3
10.6 50.7 30.8 7.8
36.2 58.4 25.2 15.0
88.6 78.4 53.8 8.5
3
14.2 77.3 58.4 14.2
56.6 57.9 29.2 24.4
40.8 82.0 75.7 5.2
3
39.0 13.7 79.2 6.6
22.0 14.7 66.5 7.9
28.6 18.1 14.2 7.1
2
51.2 6.7 58.2 5.8
15.4 34.8 48.0 7.8
2
50.6 18.3 60.0 10.6
74.4 72.4 20.8 9.9
3
52.5 25.1 63.3 7.8
20.2 14.6 72.9 9.8
82.5 84.5 24.8 9.5
3
46.8 12.7 64.3 8.0
40.3 76.1 61.4 23.8
93.5 87.2 17.5 5.5
3
70.7 12.9 43.9 8.5
78.6 33.6 50.2 7.1
79.7 63.9 9.7 5.1
3
51.4 25.6 53.5 10.9
13.3 17.9 57.8 8.1
61.4 84.0 60.7 14.5
2
57.5 36.1 30.2 12.3
10.9 80.5 19.4 6.4
2
73.1 71.8 93.6 5.3
21.0 10.2 63.6 5.2
3
72.0 24.2 26.8 18.9
16.3 25.8 77.1 15.7
80.4 26.6 57.8 8.7
3
76.3 14.2 54.0 5.5
65.9 32.3 91.9 7.3
27.9 29.5 8.2 8.0
3
59.7 56.9 82.0 6.3
17.9 69.2 56.3 5.0
35.4 61.7 28.3 24.9
3
56.9 29.8 93.0 5.3
71.5 25.9 11.2 5.6
21.4 15.9 43.2 11.6
3
74.9 52.2 70.0 13.5
55.5 48.7 21.7 9.6
49.7 73.1 63.2 10.1
3
42.5 50.0 60.3 32.5
65.7 51.6 8.5 6.1
11.5 14.9 75.4 11.4
2
13.8 89.9 51.3 10.0
61.4 35.1 8.0 6.9
2
69.1 77.7 14.1 8.6
52.5 5.2 38.0 5.0
2
20.1 77.6 84.1 15.0
54.9 14.2 55.9 6.0
2
49.5 73.6 60.1 6.5
39.4 63.9 17.2 12.8
2
87.4 17.4 6.7 5.4
74.4 85.1 86.9 7.6
3
63.0 64.4 79.1 11.2
9.5 33.5 37.3 5.5
41.8 64.2 10.3 9.5
2
54.5 71.3 73.0 21.1
28.0 36.1 16.1 9.3
2
59.8 35.6 11.0 9.6
91.6 65.7 62.1 8.1
3
41.6 72.6 21.3 15.4
91.0 68.1 52.5 7.4
27.2 18.6 49.7 5.2
3
44.8 83.3 80.3 16.4
13.6 53.2 22.8 11.6
33.3 47.5 72.6 6.0
2
7.2 24.9 93.5 5.3
20.2 46.1 13.6 7.4
2
23.0 37.4 18.8 8.0
76.6 42.9 13.8 10.9
2
21.3 28.7 30.7 18.1
84.9 71.2 89.3 9.4
2
51.0 25.7 50.1 5.1
54.3 23.2 24.7 7.8
2
73.1 16.7 15.9 10.5
60.0 57.5 74.3 5.7
3
67.7 46.4 52.4 5.8
52.3 36.7 77.2 14.0
85.7 24.2 89.6 9.1
2
56.8 40.3 66.7 5.7
59.9 69.9 37.0 15.5
2
44.3 46.3 62.0 26.1
39.0 85.0 50.1 5.4
3
64.4 75.1 14.5 8.4
69.2 69.7 42.9 17.5
56.6 79.7 86.5 5.8
3
81.8 93.2 23.9 5.8
19.4 14.0 60.3 13.5
27.7 9.8 10.6 5.5
2
55.2 13.2 50.9 7.2
53.7 28.6 9.8 5.9
3
43.8 10.6 48.7 6.2
44.8 46.6 32.7 27.1
85.8 71.9 76.5 9.7
3
30.1 59.3 11.6 8.7
84.9 29.2 55.6 8.0
52.0 6.5 12.6 6.0
2
36.4 49.8 71.2 13.5
90.5 88.4 35.1 5.9
2
21.3 60.7 17.8 15.5
47.0 20.3 57.8 19.1
3
61.4 20.3 31.8 6.8
22.9 57.7 60.7 17.7
75.4 84.2 72.3 9.8
3
39.3 50.4 50.8 33.2
6.5 33.8 69.3 5.9
93.4 21.4 63.9 5.4
3
21.5 52.5 18.8 10.8
74.5 70.0 89.2 7.3
20.8 47.7 90.8 7.4
2
37.7 85.2 52.1 7.9
19.4 27.8 88.1 7.0
2
58.2 54.0 6.7 6.5
83.6 41.5 51.6 5.4
3
25.5 38.4 13.7 6.1
19.9 57.6 32.8 14.2
38.9 86.0 18.0 6.9
3
53.6 81.1 93.4 5.7
12.4 24.6 55.2 7.5
94.1 74.0 89.4 5.8
2
84.2 74.7 87.0 7.6
28.1 36.9 47.5 17.5
2
37.8 30.0 76.5 22.0
24.0 59.7 23.1 8.4
2
76.3 93.9 79.9 5.1
72.5 48.6 57.7 26.1
2
37.9 73.8 82.8 16.1
69.6 47.3 24.3 13.0
3
82.8 82.7 82.2 12.1
40.4 22.8 54.5 13.5
75.9 46.0 81.4 13.9
3
34.6 58.8 84.1 14.7
57.4 37.6 77.2 7.8
80.5 45.8 35.4 13.2
3
16.7 83.8 86.8 11.8
16.7 61.6 51.2 14.3
42.6 73.3 54.6 8.0
3
85.4 15.2 35.6 7.3
27.2 12.8 80.6 9.0
47.6 61.5 48.4 24.0
3
24.2 76.2 70.6 20.9
26.0 56.6 21.3 14.0
44.0 25.5 88.8 5.6
3
45.0 92.6 22.3 5.5
17.2 17.8 44.2 12.0
77.5 41.6 64.3 22.2
3
75.4 49.2 18.7 7.4
85.5 75.5 55.7 6.2
52.7 32.8 60.6 22.9
2
65.7 70.4 33.6 10.0
75.8 37.7 39.9 14.6
3
23.2 11.0 91.6 7.3
78.5 51.4 88.9 7.6
45.0 29.0 60.5 16.7
3
43.5 12.3 23.5 9.0
17.9 82.2 73.2 17.1
10.7 11.9 8.9 8.6
2
7.2 77.2 89.9 5.7
75.3 31.6 44.6 19.2
2
24.5 52.6 87.5 10.2
52.5 30.2 63.6 11.5
2
84.7 20.2 74.6 14.9
75.5 78.0 36.8 5.8
3
87.6 79.0 8.2 6.0
12.9 9.9 74.2 8.7
68.5 42.3 51.5 9.2
2
15.5 54.6 21.6 7.7
88.0 70.3 80.9 11.0
2
21.1 88.2 89.0 10.2
43.7 78.3 89.0 9.4
2
33.3 21.6 61.2 19.6
84.5 69.8 70.1 9.7
2
47.7 30.3 10.0 6.3
22.7 55.3 71.9 20.4
2
42.5 14.6 61.2 7.2
19.7 85.8 74.6 5.2
3
88.3 36.0 41.1 10.4
63.0 25.0 26.9 15.4
25.9 75.2 21.4 7.8
2
44.4 12.5 63.2 11.8
31.1 72.3 49.0 21.2
3
49.9 71.4 37.6 26.5
88.1 16.0 50.8 10.1
16.8 43.7 70.1 8.3
3
45.6 70.2 39.2 28.2
87.7 31.9 12.0 8.8
77.4 40.7 38.0 13.1
2
79.4 51.2 27.6 8.6
46.4 74.9 48.6 14.1
3
91.4 51.8 46.0 8.0
6.1 80.1 70.0 5.4
75.6 28.5 49.5 18.5
3
50.3 7.1 77.0 6.1
8.1 54.3 81.6 7.8
14.9 78.2 33.1 11.5
3
77.0 39.1 69.7 10.1
51.1 49.0 69.3 8.0
31.4 40.9 25.6 22.4
2
70.9 91.8 30.2 6.2
6.9 50.4 15.6 5.1
3
48.1 38.7 30.0 11.0
36.7 77.5 89.8 5.7
33.9 56.4 85.6 6.7
2
47.2 45.4 38.5 36.0
84.3 83.3 79.9 11.3
2
40.6 66.4 40.1 28.6
25.8 10.3 32.2 8.9
3
81.7 43.6 59.9 17.0
13.8 77.9 65.9 6.3
77.5 68.2 86.3 9.6
2
8.4 40.4 62.7 6.1
23.2 92.2 85.9 7.0
2
27.2 18.8 41.8 7.4
51.8 15.9 25.3 13.8
2
43.8 77.4 74.2 10.9
71.4 47.0 43.9 22.5
3
89.0 53.1 55.5 5.4
36.1 56.4 49.1 5.4
22.6 61.7 89.6 6.4
3
45.9 32.9 67.5 5.3
7.4 79.9 82.4 6.7
38.7 81.6 57.5 8.9
2
31.0 79.2 83.2 5.7
49.4 70.1 35.7 11.3
3
65.2 61.1 70.6 28.0
79.0 6.6 83.5 5.2
12.4 77.3 70.9 11.0
2
26.8 88.2 36.0 9.9
78.0 79.6 78.5 18.3
3
25.0 40.1 33.7 12.2
53.3 81.2 28.3 14.1
55.6 52.9 91.1 8.4
2
90.0 62.0 34.5 7.1
54.4 11.8 34.6 11.4
2
26.6 33.0 75.5 23.5
50.6 86.1 65.4 11.2
2
10.2 82.9 16.8 5.2
45.0 55.5 47.9 10.2
3
12.2 22.1 51.9 10.3
85.3 87.8 15.2 7.1
57.3 77.7 9.4 8.5
3
22.5 30.4 23.1 5.8
56.2 68.1 39.0 31.4
33.1 6.4 75.0 5.7
3
67.3 26.0 37.2 21.8
26.0 50.4 39.0 12.8
33.6 43.0 82.5 14.5
2
48.8 37.2 39.2 18.6
19.6 20.3 85.6 11.3
3
86.3 69.9 80.5 10.9
59.5 62.6 22.6 7.3
24.5 18.5 55.6 6.4
3
35.6 76.7 74.2 16.7
26.1 6.9 6.4 6.1
53.2 35.2 15.7 11.7
3
66.7 33.1 15.3 8.0
12.9 88.6 41.3 7.1
34.3 14.3 41.4 5.4
3
61.1 37.6 91.4 7.5
77.5 18.8 62.5 13.7
54.1 44.6 67.6 12.5
3
89.6 80.9 32.9 9.9
28.4 11.6 69.6 7.1
14.9 26.3 88.1 10.8
2
74.3 21.7 65.0 6.7
56.0 30.2 37.7 15.6
3
61.2 76.7 26.5 7.1
39.9 9.6 77.4 9.6
44.7 19.6 15.4 7.1
3
25.9 48.8 89.2 6.8
41.9 64.7 14.0 13.9
91.8 54.1 68.8 5.9
3
25.0 94.2 12.8 5.0
75.7 59.6 48.0 11.0
68.2 21.1 52.5 10.5
2
93.1 68.7 47.9 5.6
58.0 81.8 23.2 5.4
3
61.5 40.7 58.1 30.2
92.3 23.7 40.6 6.2
91.1 76.2 33.4 8.9
3
40.7 41.2 44.3 24.4
78.2 72.6 82.4 12.7
85.4 11.6 28.3 7.4
2
51.9 10.4 71.6 5.9
32.3 44.9 28.0 11.4
2
72.7 18.8 31.6 14.3
35.3 69.8 69.2 15.2
3
87.9 7.0 31.7 5.8
12.9 76.3 24.0 12.5
29.1 63.0 48.3 14.2
3
44.9 45.9 9.3 7.9
33.2 28.9 41.8 11.4
25.8 44.1 19.2 9.4
3
55.9 81.5 42.1 13.6
53.9 45.1 85.2 11.0
19.0 23.4 65.2 11.9
2
49.9 64.1 41.7 15.7
15.4 37.8 76.9 5.2
2
54.5 64.0 20.6 5.7
51.4 82.4 71.1 7.9
2
52.8 39.2 20.1 5.9
84.4 67.0 59.5 6.5
3
24.1 15.9 72.9 12.5
53.0 70.3 62.8 17.1
21.8 75.3 34.1 11.2
2
70.6 50.3 66.8 12.9
10.5 45.1 71.8 6.1
2
81.2 58.8 88.0 6.8
19.2 30.8 76.6 12.0
2
61.2 78.0 50.2 9.4
64.3 35.4 63.5 35.3
3
12.5 58.6 49.6 6.8
87.0 29.0 80.4 5.9
58.1 72.0 16.2 7.7
2
53.7 90.5 29.9 9.3
88.1 10.0 53.4 7.0
2
44.4 84.7 83.1 12.4
62.6 35.4 26.9 6.2
3
91.5 85.0 58.2 6.7
37.5 38.8 70.5 22.8
37.7 40.5 16.7 12.4
2
23.2 85.6 24.7 5.1
14.5 10.6 34.5 6.2
2
46.5 88.1 86.5 11.9
47.8 49.1 88.2 7.4
3
82.9 26.2 15.1 14.9
52.4 43.3 83.4 11.9
83.2 67.6 68.0 8.6
3
75.1 22.7 85.7 7.6
29.2 12.6 54.1 7.8
16.5 10.9 9.8 8.8
2
44.3 83.3 84.1 12.0
45.2 37.1 87.6 8.5
3
67.3 26.7 12.1 9.6
65.4 78.5 20.3 17.9
46.7 26.9 65.9 26.9
3
23.4 52.2 66.0 23.0
58.0 11.0 18.5 9.1
23.9 49.9 11.7 10.0
2
6.2 80.0 7.0 5.2
62.3 28.0 91.7 6.2
3
51.9 70.4 62.0 25.1
53.3 67.5 19.0 14.8
12.5 21.5 10.5 9.6
3
76.9 22.9 67.6 5.8
62.8 29.2 60.3 8.2
9.1 7.6 16.9 7.5
2
49.2 80.7 58.7 18.2
47.1 56.5 12.6 8.0
3
11.1 28.4 10.1 7.5
50.5 76.9 21.6 7.5
56.8 17.4 37.0 11.0
2
33.6 19.4 47.1 12.2
81.9 45.7 51.6 10.6
3
43.1 80.9 52.3 14.1
62.5 24.5 74.9 17.3
14.5 20.0 89.5 9.3
3
56.4 76.3 39.1 18.9
33.5 41.4 27.2 18.9
81.0 19.5 94.8 5.2
3
55.7 32.9 87.0 8.7
66.0 81.6 78.6 18.1
45.7 19.0 17.5 8.9
3
93.1 48.8 37.4 5.0
12.9 63.0 52.9 7.1
25.1 12.1 33.5 6.1
2
22.9 16.8 46.2 13.5
53.0 8.4 84.2 5.8
3
47.5 16.6 56.4 16.2
80.0 63.8 28.2 7.8
14.9 25.2 9.9 5.1
2
49.9 16.5 73.2 5.4
23.0 9.3 27.1 7.2
2
25.5 32.8 9.5 8.8
83.5 72.0 83.0 6.3
3
77.5 41.2 30.3 10.3
42.4 68.2 40.1 13.8
52.3 34.3 30.0 8.8
3
6.1 8.1 34.0 5.1
68.6 92.2 14.0 5.4
62.2 58.7 12.4 10.2
2
90.4 27.7 27.0 8.4
77.8 86.9 80.4 11.1
2
21.3 10.3 70.5 9.0
77.4 23.5 37.8 17.4
2
87.9 19.6 18.7 6.8
26.6 31.5 16.4 14.2
3
59.2 80.9 49.9 17.0
40.7 37.0 68.8 11.2
79.8 30.2 51.7 7.1
2
44.9 86.0 87.1 6.4
32.6 67.0 60.0 7.1
3
65.9 19.8 48.9 7.2
30.3 79.8 81.1 8.3
77.2 43.4 41.9 17.1
3
45.1 54.5 18.4 11.2
41.7 35.7 56.3 7.6
73.6 66.9 22.6 8.8
2
24.3 68.5 16.9 8.8
75.0 71.6 24.4 19.0
2
66.4 77.2 79.4 15.8
92.7 90.8 20.5 5.9
2
54.0 74.7 18.4 16.2
39.9 46.5 49.8 18.1
2
37.0 73.2 50.2 9.0
72.2 74.9 40.5 15.4
3
28.0 19.9 64.2 12.7
8.0 42.5 27.4 6.5
83.3 90.2 87.5 6.5
3
56.0 54.4 91.1 8.3
18.8 62.8 18.6 7.7
61.5 43.7 50.0 24.7
3
30.2 91.4 35.4 5.8
34.2 48.4 75.7 7.7
18.0 22.4 29.8 11.8
3
49.6 58.4 48.9 18.4
69.5 58.3 77.0 6.2
8.0 88.4 33.2 7.1
2
38.0 40.7 70.4 17.5
85.7 59.3 39.2 10.1
2
70.2 55.2 24.6 6.6
72.4 77.0 67.2 20.7
3
83.4 70.6 64.2 7.3
60.4 80.5 25.2 6.3
13.1 90.8 80.2 6.6
2
7.2 54.6 82.4 6.3
37.9 54.3 33.2 15.0
3
55.9 16.2 65.5 7.0
74.6 75.9 48.5 10.6
29.5 87.1 86.4 9.8
3
41.2 51.5 15.5 10.8
85.7 91.9 66.6 5.7
11.5 34.9 16.5 9.0
3
54.7 27.0 12.1 8.1
10.3 10.0 17.4 9.5
47.6 28.6 53.4 12.4
2
53.5 23.5 60.0 21.5
13.5 54.3 72.5 12.6
3
28.7 45.1 81.7 12.6
57.4 91.0 25.2 6.9
43.2 87.1 53.5 10.3
2
29.5 28.3 14.5 6.3
14.4 40.5 40.4 12.0
2
30.9 87.2 22.6 6.6
40.9 93.6 88.0 6.1
2
32.3 12.1 88.1 6.4
58.1 81.2 84.4 13.2
2
51.0 34.4 35.5 23.0
86.0 10.6 30.4 9.2
3
10.6 91.5 78.9 5.9
80.1 45.9 9.0 7.1
47.9 40.3 43.1 12.9
3
85.8 38.2 58.2 7.6
89.8 21.2 62.4 7.3
57.2 41.7 34.0 26.7
2
8.7 58.7 88.2 5.9
13.6 83.1 18.2 10.8
2
40.1 45.4 10.5 7.6
73.5 42.4 9.7 5.9
3
92.6 39.6 62.6 6.1
86.5 57.9 83.9 10.8
33.4 60.5 17.5 16.7
2
10.2 55.3 46.4 5.6
27.1 67.4 14.3 9.0
3
77.2 78.7 79.7 10.5
7.6 32.9 61.0 7.3
64.3 12.6 75.7 11.7
2
42.5 66.0 50.1 31.4
60.0 7.7 77.0 5.3
3
87.4 27.4 85.4 8.2
57.1 47.4 82.0 13.4
73.8 75.4 69.4 15.4
3
21.6 22.1 89.3 10.6
70.2 27.2 92.1 6.4
75.6 66.8 11.5 11.3
3
16.7 83.0 93.4 5.6
66.2 81.0 66.5 8.0
8.0 84.0 22.8 6.9
3
61.1 51.8 31.9 14.9
68.8 45.6 64.2 11.8
30.7 85.3 56.0 7.0
2
22.2 54.9 62.6 16.6
87.9 64.7 22.9 7.4
2
43.3 66.9 21.6 11.3
73.0 11.7 64.3 9.2
2
37.1 51.4 79.0 15.1
23.3 89.4 55.8 8.3
2
36.6 39.9 45.6 31.5
43.3 69.1 94.7 5.1
3
66.3 81.2 17.4 13.6
72.5 19.2 85.6 6.6
48.7 19.3 6.4 6.1
2
30.6 85.1 39.9 7.7
17.9 69.3 77.9 11.5
2
45.2 49.6 41.4 30.0
54.6 44.5 86.9 6.5
2
12.7 19.6 58.9 8.5
63.9 61.2 93.3 5.5
2
80.8 23.3 52.0 15.7
49.1 90.0 79.6 7.2
2
80.5 34.7 34.4 10.3
67.8 49.1 45.1 7.2
3
91.5 84.9 41.0 8.2
41.1 10.8 30.2 6.0
14.7 64.4 71.7 8.1
3
73.1 70.5 81.1 16.5
42.0 88.2 87.6 10.9
81.4 15.7 17.9 15.1
2
45.7 34.3 14.2 10.4
22.9 79.1 10.2 9.0
3
51.5 64.8 64.9 7.9
45.4 6.3 75.1 5.8
9.7 34.1 68.4 6.2
3
78.8 64.8 37.6 20.9
31.6 54.4 45.1 27.3
64.8 87.9 86.4 5.9
3
26.6 72.1 25.8 19.5
53.0 15.6 35.7 14.0
16.3 46.6 78.6 6.8
3
20.0 26.9 20.4 6.5
16.9 14.1 58.1 5.2
72.9 69.9 57.2 16.7
3
28.3 92.9 57.5 6.7
82.2 90.3 73.8 7.1
50.6 43.3 51.6 27.9
2
31.3 20.2 31.6 5.2
11.2 53.0 37.0 5.7
3
80.0 24.7 55.0 6.7
39.4 10.0 63.0 9.5
6.3 13.3 10.4 5.3
3
51.5 83.9 51.1 11.2
84.2 63.4 33.6 15.0
30.2 27.6 39.7 25.4
3
69.4 68.2 10.5 7.9
69.5 72.9 56.4 15.8
40.9 25.1 49.1 9.7
3
14.1 82.6 46.1 10.8
57.5 88.8 34.0 9.6
91.5 83.4 74.2 8.4
3
15.9 7.9 63.7 5.7
12.6 30.0 40.0 9.7
66.4 52.5 83.2 7.4
3
57.9 10.4 27.6 9.5
18.5 16.7 83.7 8.9
22.3 62.6 27.5 19.1
2
26.9 77.4 12.0 5.4
27.6 25.9 81.8 13.0
2
30.1 45.0 74.2 17.5
44.1 83.5 32.3 14.6
3
42.8 43.4 39.5 21.7
87.3 54.5 76.1 12.2
92.0 19.3 79.5 5.9
2
36.0 77.9 51.2 7.3
71.9 58.2 62.1 11.3
3
41.4 15.1 38.5 5.7
83.3 40.5 69.2 13.9
45.0 40.2 60.4 18.5
2
50.9 20.8 32.1 7.2
68.0 68.2 17.0 8.0
2
20.5 60.8 64.7 14.3
47.2 12.0 22.5 8.6
2
67.2 58.1 53.9 21.1
72.8 28.5 16.3 12.6
3
15.2 79.0 65.3 14.9
49.3 57.8 19.5 12.1
55.1 33.4 84.5 10.1
2
56.4 51.1 45.8 20.8
81.6 77.4 84.0 12.1
2
59.8 65.7 67.1 12.7
30.1 25.3 91.0 7.3
2
30.0 48.3 61.5 16.7
33.1 28.5 90.1 5.3
2
37.6 47.5 72.0 10.6
22.6 15.7 70.6 15.1
2
72.0 18.4 75.7 7.8
68.5 49.4 23.8 19.4
3
50.2 69.8 32.1 7.4
39.0 45.8 31.0 14.8
85.8 31.6 7.8 5.7
2
21.3 55.2 50.1 8.0
71.8 38.5 57.6 25.6
3
84.4 72.8 24.3 10.6
61.8 10.9 63.3 8.6
60.8 63.1 64.6 25.4
3
26.6 17.6 63.9 16.8
30.4 89.9 72.8 5.9
84.4 64.8 60.8 15.1
3
91.7 28.7 34.9 7.3
45.3 63.9 56.4 5.2
9.8 29.5 93.3 6.1
3
52.0 42.1 32.8 23.2
26.5 16.0 67.6 10.4
29.6 86.3 13.2 10.8
3
31.1 62.5 22.8 18.1
78.9 47.1 12.5 6.4
90.0 11.4 73.3 8.3
3
54.4 51.8 33.4 6.5
70.1 17.4 18.4 10.3
42.0 71.4 16.7 16.6
2
8.7 66.3 51.6 7.0
49.3 47.9 69.2 13.2
2
50.6 58.5 26.4 26.3
16.8 36.8 12.1 8.2
2
61.7 36.5 85.7 5.7
35.3 44.2 22.1 18.2
2
70.6 59.0 86.1 13.9
28.9 23.6 29.4 20.5
2
46.1 66.0 24.9 8.5
10.5 18.2 25.8 7.5
3
42.4 20.8 54.6 5.8
66.2 61.8 22.9 7.8
31.4 19.4 86.2 6.0
2
47.4 29.3 71.6 5.4
20.0 43.7 57.3 11.5
2
84.1 89.7 82.0 5.7
44.1 73.9 55.7 10.8
3
14.8 36.9 41.8 10.7
60.4 77.7 61.7 18.8
33.4 93.1 67.6 6.3
3
60.0 82.5 52.2 7.6
28.9 26.5 19.6 7.8
55.3 32.8 87.4 10.7
3
85.8 49.2 83.8 13.9
57.1 23.0 11.8 9.9
70.6 25.1 59.0 23.8
2
82.5 78.7 75.1 11.1
36.3 29.3 76.9 5.1
2
37.9 38.6 68.4 12.7
56.5 11.7 18.5 7.8
2
62.7 70.8 30.8 8.3
28.4 57.3 25.4 17.3
2
53.2 81.7 42.0 6.2
92.9 51.5 60.6 5.2
2
58.7 73.1 35.7 22.8
40.8 36.5 80.1 16.0
3
88.7 15.5 46.0 10.2
84.3 67.7 67.3 9.1
62.5 45.5 91.6 5.7
2
54.7 67.7 25.6 24.4
20.1 90.7 84.0 8.4
2
34.7 27.5 54.3 6.5
44.0 35.8 65.4 5.3
2
17.4 76.1 22.1 9.4
26.6 19.3 36.6 16.6
2
14.9 73.0 61.6 11.5
85.5 22.1 5.4 5.0
2
62.3 43.8 82.3 10.7
64.4 60.0 42.7 19.4
3
9.8 60.5 55.5 8.5
18.7 79.0 69.4 5.7
84.4 22.9 76.2 6.9
3
60.3 63.5 45.4 12.5
44.3 75.4 7.0 6.8
16.1 80.6 92.5 5.7
2
74.7 71.8 61.1 20.3
64.5 13.3 74.0 12.2
3
52.1 48.5 69.7 25.7
13.5 40.4 74.5 10.8
24.9 16.4 89.1 7.3
2
16.4 68.0 74.7 15.3
47.7 79.0 66.2 13.5
2
6.4 85.4 25.2 5.8
41.0 43.2 36.8 35.7
2
15.4 64.8 42.6 6.3
82.5 63.3 43.6 7.0
2
60.1 44.1 23.9 11.7
29.2 77.3 57.6 9.3
2
92.7 27.4 81.6 5.8
50.1 14.5 34.4 11.4
2
27.4 37.4 13.0 6.6
89.0 62.5 7.8 6.4
3
47.1 30.3 27.1 8.3
18.8 48.3 12.0 9.4
66.3 66.0 53.1 28.4
2
22.4 85.0 53.4 8.5
30.6 50.9 11.6 8.2
2
85.5 86.5 88.3 5.8
81.8 11.6 12.7 10.0
3
30.0 80.3 66.1 15.7
23.5 45.8 80.7 13.1
89.3 66.3 50.3 10.4
3
49.2 37.0 59.6 33.8
30.7 78.3 30.9 16.4
21.6 53.6 16.8 6.4
3
27.9 39.8 43.6 6.1
38.4 11.9 18.9 7.8
60.0 23.4 43.7 8.6
2
61.3 34.7 9.4 8.9
36.7 70.9 33.8 25.1
2
46.5 53.2 89.5 9.3
27.5 20.6 60.1 15.1
3
45.4 38.8 7.9 5.7
77.2 10.9 15.9 5.4
59.9 39.5 68.6 24.1
2
73.1 91.7 75.6 7.6
91.8 19.6 45.5 6.2
3
33.3 78.0 45.6 20.4
31.4 47.8 91.1 6.6
54.1 17.3 44.2 8.1
2
67.3 68.3 81.1 5.5
11.5 66.1 34.0 6.8
2
60.5 63.3 77.8 17.4
89.3 15.9 45.2 6.2
3
24.3 15.4 81.8 7.7
50.0 58.7 62.0 33.6
12.4 88.4 9.5 7.7
2
80.3 18.4 64.6 7.5
82.7 34.1 38.4 9.9
2
80.5 12.4 11.2 7.7
92.8 87.7 93.8 5.6
3
84.3 30.3 13.4 5.9
77.4 68.7 75.1 17.0
26.9 30.2 61.3 25.7
2
85.3 31.9 79.8 6.0
40.0 23.1 70.2 6.6
3
22.7 45.1 45.6 13.2
38.2 65.2 30.6 8.5
86.4 81.2 71.0 8.1
3
20.4 51.7 14.2 12.8
35.3 87.3 70.1 6.3
61.1 8.5 17.7 5.5
3
7.1 41.4 55.1 5.6
41.3 22.1 15.0 13.5
23.3 12.4 35.1 5.2
2
37.5 46.2 47.1 9.2
68.5 85.2 54.7 11.1
2
27.1 16.6 70.6 11.9
15.1 86.7 56.6 10.9
3
26.4 75.3 71.5 22.6
89.0 72.8 83.1 9.3
78.1 36.5 9.0 7.4
2
31.0 65.5 18.6 12.5
54.1 73.7 14.6 6.0
3
66.3 40.5 36.6 11.4
47.2 69.6 15.6 7.3
31.5 53.1 79.7 15.0
2
25.9 12.2 81.9 7.9
87.9 91.6 42.5 8.4
2
58.6 36.8 20.2 14.6
16.2 81.5 33.3 5.6
2
54.0 55.5 37.5 35.5
71.2 87.2 68.1 7.8
3
87.2 64.4 59.9 8.1
83.8 20.5 47.3 13.9
26.5 41.9 75.1 7.7
2
29.1 77.0 27.4 21.2
64.4 29.4 45.4 26.4
3
52.3 80.4 58.1 5.1
41.1 62.1 19.3 17.1
88.3 25.7 29.3 8.3
2
47.2 16.2 27.8 14.4
61.0 88.1 23.1 5.7
2
17.8 68.2 19.7 7.0
63.1 60.6 23.9 5.8
2
64.1 29.4 62.0 14.1
42.8 58.6 14.8 10.0
2
62.0 30.1 40.8 13.8
56.4 64.3 20.6 16.7
3
27.9 77.7 79.9 10.2
69.0 74.2 87.4 8.9
49.9 39.1 16.2 12.2
3
51.0 85.6 14.9 10.4
74.2 31.1 12.4 8.4
20.5 85.5 73.6 6.0
2
31.8 77.1 58.3 5.9
88.1 68.8 45.8 8.7
3
49.2 74.5 6.8 5.1
85.2 58.0 31.7 10.1
36.0 62.1 47.1 25.9
3
32.1 40.1 48.6 16.3
77.0 58.9 62.4 11.5
74.8 32.0 64.9 9.2
2
77.3 10.2 16.1 7.7
27.2 71.7 60.0 18.2
3
38.3 75.0 69.5 5.0
62.0 62.8 66.8 10.7
85.1 91.6 15.7 5.2
2
26.5 87.1 79.5 7.9
50.6 21.1 73.9 7.7
2
86.1 27.5 29.1 6.1
45.5 32.7 66.7 13.1
2
43.5 36.7 78.9 7.7
44.9 23.4 40.0 22.6
3
86.5 18.4 31.8 6.5
47.0 6.4 45.2 5.8
78.2 79.4 11.4 6.9
3
47.2 45.5 71.0 11.3
88.0 90.7 76.6 8.8
52.0 38.3 48.0 8.6
2
76.8 55.9 52.6 21.2
52.0 79.3 39.9 12.7
3
45.7 27.9 50.5 13.3
32.6 24.2 83.2 9.1
92.9 42.0 77.3 5.5
2
47.9 14.4 14.9 8.9
35.3 42.6 25.9 16.7
3
76.5 21.1 52.2 9.6
21.8 34.7 70.2 12.0
79.1 84.8 64.7 11.1
2
24.4 39.3 70.5 10.4
31.2 83.1 39.9 8.4
3
41.6 13.1 89.1 5.2
75.6 69.4 31.1 18.3
66.3 30.0 51.4 26.1
2
31.1 56.5 89.8 9.0
13.8 61.6 93.5 5.7
2
40.0 51.2 58.4 14.2
63.7 44.8 76.3 11.2
2
48.2 20.0 92.4 6.1
40.2 80.8 12.9 9.8
2
84.8 93.3 56.0 5.5
11.3 53.6 28.1 10.0
2
76.5 28.0 62.9 5.5
59.1 51.1 76.9 22.7
2
78.2 83.0 67.0 13.8
42.7 91.1 57.8 8.8
3
92.6 29.3 7.5 5.2
51.7 12.0 14.8 10.2
57.7 52.8 45.9 30.9
3
42.3 81.8 73.5 9.6
81.8 36.9 32.9 7.1
50.8 64.8 33.5 7.6
2
42.8 19.1 74.2 8.3
59.3 55.3 28.1 10.8
3
55.0 34.0 18.6 18.3
88.7 85.1 52.4 6.5
49.9 59.6 67.6 8.3
3
14.1 66.1 50.6 10.2
30.8 35.4 54.4 22.1
57.2 46.4 10.6 5.0
2
68.0 83.8 17.9 15.4
48.7 23.5 65.8 14.7
2
74.9 54.0 62.5 6.5
11.5 71.4 58.0 8.4
3
42.3 47.6 93.2 5.9
58.3 9.6 40.3 7.7
51.6 75.6 82.2 10.4
2
71.3 18.6 65.6 16.2
14.6 81.7 77.6 7.7
3
56.8 70.6 14.9 6.6
67.4 17.0 76.3 15.9
18.8 21.0 66.5 17.2
2
20.4 43.0 36.6 18.0
23.1 65.5 15.0 5.8
3
18.1 24.8 73.4 14.4
67.1 48.1 83.7 15.6
37.6 87.3 20.6 5.2
2
14.3 31.9 56.9 10.4
17.2 29.5 35.6 10.4
3
53.0 60.9 52.5 15.8
77.4 49.1 16.6 10.6
82.3 31.8 83.2 12.6
2
53.7 9.1 79.8 8.1
69.8 78.5 67.1 7.6
2
10.9 26.1 21.1 8.6
93.9 32.3 58.6 5.0
2
50.7 56.4 32.6 27.9
16.4 85.5 11.3 10.5
3
20.5 88.8 69.3 9.6
46.5 7.4 56.8 5.8
15.2 26.1 85.6 9.3
2
58.0 70.3 22.8 19.9
13.3 15.5 29.1 10.0
3
73.0 64.1 69.5 18.7
32.2 73.2 73.2 21.2
61.6 24.6 41.3 17.6
3
12.2 52.6 55.3 9.8
87.5 15.6 19.8 7.5
23.0 80.2 36.1 5.6
3
91.0 89.3 66.5 7.9
50.4 68.9 69.9 21.8
55.0 8.4 24.4 6.6
3
77.8 76.6 19.4 13.9
35.9 34.7 52.0 33.9
12.5 87.3 35.9 5.1
3
37.9 37.8 49.5 6.3
56.1 11.1 39.7 7.2
38.8 8.5 53.4 6.9
2
35.7 67.9 88.5 7.4
35.3 45.9 15.1 7.8
2
30.3 31.6 65.3 16.1
37.6 79.4 71.6 16.3
3
62.2 49.0 24.3 10.0
36.9 60.4 64.7 20.3
13.1 24.2 22.2 7.4
3
15.0 22.0 53.6 10.3
25.0 31.3 76.6 11.4
50.6 51.0 80.7 9.9
2
65.0 81.3 20.5 10.4
43.7 60.7 60.5 27.8
2
78.7 43.7 59.0 14.9
39.6 79.4 92.3 5.8
3
63.4 52.5 90.4 7.5
38.8 25.8 66.0 10.9
17.9 61.3 72.9 17.2
2
82.7 25.6 18.4 7.5
24.5 58.8 38.7 12.8
3
17.5 17.7 18.2 16.8
80.6 20.5 31.4 10.6
48.8 56.3 25.4 22.8
2
63.4 56.7 65.5 27.4
88.2 17.7 15.9 10.8
3
25.1 29.5 42.0 16.7
14.5 80.2 11.4 10.9
24.0 6.4 48.6 6.0
2
21.6 72.3 64.9 19.9
86.0 12.2 88.5 10.8
3
88.4 15.3 41.1 9.6
56.4 88.7 62.3 10.9
91.7 62.0 46.8 7.9
2
69.3 11.7 52.0 8.5
12.9 7.7 87.2 6.9
3
52.2 42.0 88.6 9.4
25.3 31.1 57.6 13.6
20.2 72.5 78.7 14.4
3
32.6 38.9 62.2 30.8
62.0 79.9 84.5 14.1
31.7 73.1 86.1 6.2
3
15.0 84.9 51.4 13.2
68.0 56.9 22.6 14.0
41.2 50.7 55.2 12.2
3
29.1 9.1 83.3 8.9
18.7 82.0 46.9 11.7
20.0 78.7 16.6 8.4
2
29.4 59.7 33.5 24.3
67.7 36.6 71.0 7.3
2
91.1 79.6 67.2 8.8
38.6 78.1 17.4 7.6
2
74.2 13.7 79.6 10.8
25.9 88.3 81.1 5.2
3
47.1 37.1 20.5 18.7
46.6 84.3 72.2 7.4
78.8 12.5 66.4 6.1
2
7.4 10.7 35.0 6.1
14.6 58.3 54.8 7.5
3
50.9 27.2 45.4 22.6
74.8 94.1 88.9 5.1
39.9 87.2 23.8 11.8
2
39.1 26.9 50.9 24.1
81.2 41.4 13.2 11.7
3
75.0 72.3 34.4 16.1
51.1 84.9 87.2 5.2
48.9 56.0 21.6 5.4
3
45.0 12.4 59.1 10.1
60.6 61.0 51.2 21.3
47.0 6.4 43.4 6.1
3
47.5 74.6 51.5 15.1
12.0 79.0 45.2 9.1
32.8 40.3 16.7 13.5
2
81.8 72.2 20.0 14.8
15.6 13.8 44.1 13.7
2
21.5 61.5 63.3 11.4
10.7 57.4 22.4 6.1
2
64.0 34.5 24.0 18.5
7.6 24.0 35.3 5.1
3
71.7 52.6 29.4 18.0
74.6 89.7 29.2 7.1
10.6 54.3 40.3 9.1
3
33.6 11.2 27.9 9.3
76.9 64.7 52.3 10.7
32.7 53.1 34.9 27.2
3
50.4 60.2 54.3 6.7
20.4 52.4 62.9 6.9
49.7 18.0 82.2 10.8
3
36.3 73.9 67.2 13.7
79.9 44.0 7.7 6.2
40.2 71.0 19.1 10.9
2
45.0 58.2 33.1 10.4
72.3 17.1 62.9 7.5
2
83.4 11.2 14.2 9.9
28.7 16.5 87.6 11.3
2
52.4 45.6 55.2 14.9
29.2 18.0 89.2 9.7
3
86.8 74.3 48.6 8.9
21.0 56.2 64.4 11.4
82.0 24.9 25.3 14.1
3
14.3 32.4 28.1 7.0
67.7 86.5 51.8 5.1
32.7 18.9 38.9 7.2
2
64.2 86.0 32.6 6.4
63.5 12.6 31.6 9.8
2
74.9 63.9 33.7 23.3
29.9 6.1 52.0 5.4
3
67.6 42.9 54.5 17.1
42.7 19.8 92.2 7.3
81.5 69.5 55.1 6.1
2
43.9 18.9 40.8 18.9
53.6 14.6 83.1 13.9
3
40.9 11.1 54.8 7.3
69.8 85.0 66.4 11.5
48.3 68.3 79.7 13.1
2
45.3 69.8 17.3 12.8
40.5 36.2 79.2 18.3
3
59.1 46.0 77.7 9.1
13.1 33.9 42.4 5.1
67.9 81.6 7.1 5.1
3
85.8 89.1 28.7 5.6
20.1 41.9 80.9 7.5
69.8 29.5 21.6 7.6
3
24.8 69.6 54.9 14.2
88.6 86.1 47.0 9.7
79.5 55.9 38.9 10.6
3
26.9 39.9 76.8 11.9
74.3 89.7 34.2 6.4
28.1 87.1 58.9 12.7
2
73.2 31.1 63.0 18.2
22.5 13.8 60.6 5.9
2
81.7 14.6 42.0 8.3
18.8 15.2 56.2 7.7
2
25.7 73.6 19.4 19.4
59.4 23.6 25.6 10.6
3
28.4 27.7 84.8 15.0
5.5 10.8 9.8 5.3
47.6 12.7 10.8 9.1
2
88.3 50.6 46.2 11.4
81.1 75.1 37.1 13.9
2
57.5 65.0 28.2 22.9
51.5 10.6 90.7 9.1
2
36.7 43.7 80.0 15.6
68.8 47.5 40.0 27.5
3
80.0 40.3 51.2 5.5
80.7 14.0 77.8 9.7
47.4 58.9 75.5 11.3
2
22.2 62.7 35.3 20.1
86.4 38.2 27.3 10.8
3
25.9 91.4 10.4 5.0
72.0 84.3 75.8 9.6
22.1 38.0 36.0 19.5
2
17.4 61.1 51.2 5.6
19.7 34.8 84.0 12.7
2
15.3 35.0 70.1 13.9
68.0 20.7 51.1 18.5
3
89.7 67.6 58.1 8.8
36.7 54.0 28.8 21.4
44.5 12.9 75.8 10.4
2
45.6 38.6 49.3 19.0
71.9 85.5 77.1 13.7
3
5.9 78.5 8.6 5.9
52.0 72.2 19.6 9.3
70.7 24.9 43.5 7.7
3
26.4 85.8 52.6 14.2
36.5 39.2 61.8 5.7
72.3 88.1 56.9 8.6
3
69.6 31.7 7.6 5.0
82.2 83.3 71.3 14.4
53.4 20.0 77.4 10.5
2
43.7 76.9 25.8 14.7
34.4 84.4 69.3 9.3
3
50.8 22.0 25.2 20.8
26.9 52.7 62.2 7.3
78.3 19.1 52.4 5.2
2
7.6 18.6 8.1 5.2
50.7 45.7 21.5 11.0
3
49.3 16.6 57.4 12.3
67.2 79.7 76.3 18.1
25.1 68.7 43.9 15.0
3
59.4 14.3 62.7 6.1
57.5 54.7 37.7 12.2
26.2 78.6 30.3 8.0
2
55.9 19.9 61.4 18.4
75.6 59.9 75.3 13.7
3
81.4 84.1 37.3 12.9
25.7 58.6 43.9 15.7
71.1 14.0 29.5 7.7
2
54.1 57.4 50.0 32.5
10.1 70.4 86.0 5.2
2
14.0 46.6 88.1 8.7
51.5 34.6 41.6 26.4
3
37.4 35.9 23.6 18.9
78.4 29.2 67.4 13.6
43.4 86.4 60.8 8.9
2
17.9 28.0 21.3 6.2
45.0 18.1 72.6 17.5
2
33.5 19.1 40.4 8.2
87.7 46.3 6.5 6.4
3
92.3 35.9 7.1 5.4
49.8 64.6 61.3 29.9
47.8 15.1 66.5 10.0
3
21.1 78.9 68.6 5.5
80.5 25.2 18.2 10.3
58.3 72.1 39.7 20.8
3
29.2 73.3 70.0 20.2
87.9 71.3 78.7 6.4
24.6 54.6 22.1 16.1
2
65.3 76.3 33.4 21.8
28.7 39.6 73.5 21.2
3
86.1 28.5 21.8 11.5
26.1 82.4 78.9 10.3
58.7 61.3 24.8 11.8
2
31.3 23.0 10.5 8.8
35.9 87.4 91.8 5.9
2
86.7 63.5 22.3 6.6
65.2 34.5 26.4 19.6
2
74.6 30.7 58.9 16.6
28.2 38.1 24.6 10.3
2
38.6 68.9 18.7 11.3
90.2 54.5 60.6 6.3
2
73.9 74.8 54.5 21.3
38.1 20.5 73.6 10.7
2
42.8 45.1 13.7 6.0
59.0 51.0 74.6 8.2
2
89.6 72.2 11.6 8.3
20.7 89.1 71.8 8.3
3
78.5 54.6 28.4 9.2
17.2 41.1 24.5 15.3
42.7 45.9 92.2 5.1
3
41.8 10.6 80.4 7.1
10.5 17.1 67.3 7.5
87.4 47.3 68.7 6.5
2
64.8 78.4 19.2 16.4
24.3 40.8 40.2 6.8
2
24.9 13.2 46.0 9.1
73.5 15.8 63.7 9.8
3
34.7 81.9 31.5 16.8
23.8 54.5 86.4 12.7
15.1 46.8 22.1 7.9
3
72.9 37.2 25.0 11.5
13.0 52.7 64.9 5.6
90.2 28.0 82.1 7.7
3
80.3 38.8 63.6 8.2
78.2 76.1 74.9 19.7
24.4 86.3 54.5 10.2
2
62.6 52.9 34.0 10.9
69.2 26.5 47.6 6.1
3
17.4 72.9 65.7 13.1
82.6 68.9 37.6 13.4
54.9 27.5 37.5 15.5
3
55.5 43.5 44.4 27.5
26.4 77.9 44.7 11.4
18.5 7.2 31.4 6.8
2
92.0 67.6 57.0 5.4
73.7 68.9 22.1 16.0
2
18.1 7.2 65.6 6.5
20.6 60.3 6.8 5.7
2
37.7 45.4 42.2 19.8
27.7 9.7 39.0 8.2
2
52.7 60.5 41.1 26.8
10.1 38.2 45.4 9.2
2
83.5 67.7 70.1 12.1
80.6 77.4 91.0 7.7
2
36.6 28.5 36.7 11.8
29.3 50.8 52.5 15.8
2
72.5 53.3 19.3 10.5
69.9 56.3 87.1 9.6
3
26.3 77.3 54.4 18.6
63.6 73.3 50.9 14.2
20.8 37.4 7.1 6.5
3
44.5 65.6 31.5 7.9
85.1 77.2 62.9 6.7
84.6 29.8 89.8 8.2
3
49.7 46.3 19.6 5.5
59.4 18.8 74.9 6.8
74.6 92.0 54.7 6.6
2
32.4 61.7 49.2 8.4
67.3 71.9 43.3 19.4
3
58.0 81.6 84.5 11.5
28.5 38.3 31.6 28.1
64.7 37.6 70.0 24.5
2
92.9 83.2 66.9 5.3
30.3 15.7 63.8 12.7
3
86.2 45.2 84.7 13.0
57.6 62.1 21.7 5.6
48.3 47.1 17.1 11.6
2
61.5 55.3 42.7 15.5
44.0 93.6 54.1 6.0
2
57.9 49.7 43.1 17.8
24.3 79.9 60.4 12.7
3
32.7 40.4 22.7 14.9
13.4 56.4 56.2 10.4
24.0 14.2 77.7 13.9
2
75.0 70.0 70.2 18.3
66.4 56.9 21.8 9.0
3
77.9 35.4 85.3 14.4
37.5 82.1 67.6 5.1
31.5 55.2 36.5 27.1
2
55.5 27.6 24.3 23.9
13.2 65.5 7.2 5.5
3
50.2 70.4 51.3 5.0
77.0 65.2 93.3 6.6
85.5 13.7 9.2 6.1
3
20.2 74.9 44.9 17.8
82.0 61.6 13.8 12.6
29.8 23.2 69.0 9.0
2
15.6 8.8 78.9 8.5
32.2 56.6 54.3 17.8
3
14.3 37.0 68.2 8.5
63.2 76.5 16.5 8.6
78.1 37.0 74.6 12.0
2
75.9 24.8 38.1 8.4
19.1 8.0 21.3 6.3
3
13.7 64.7 93.9 5.6
7.5 12.3 90.3 7.0
56.2 75.3 60.6 7.6
3
5.7 41.3 42.4 5.0
69.7 68.3 42.2 28.9
68.8 14.0 69.3 6.5
3
18.8 78.0 56.4 10.0
21.4 25.2 42.5 11.8
47.2 55.0 21.9 14.9
2
64.1 53.8 43.6 13.8
40.3 37.3 35.0 9.3
3
19.6 34.8 47.9 10.8
7.9 36.2 92.5 5.4
50.6 88.0 33.0 8.0
2
41.9 62.2 27.0 22.3
7.7 43.8 26.8 5.5
2
23.0 58.6 69.2 7.9
75.5 64.7 26.0 22.6
3
9.6 83.2 67.0 5.5
82.1 72.9 82.8 7.8
8.6 43.3 91.0 6.8
2
19.6 54.6 20.9 14.1
15.9 41.2 87.3 6.9
3
19.2 24.0 90.2 8.0
87.5 27.7 71.7 10.2
70.9 80.1 83.6 11.7
2
48.1 71.6 15.8 13.2
8.1 23.8 20.4 5.7
2
74.0 32.2 39.6 16.7
38.4 50.6 17.2 9.1
3
29.0 69.0 87.4 9.3
93.7 55.2 19.8 5.9
16.3 57.4 44.6 12.6
2
41.4 36.4 22.4 16.2
22.7 13.5 15.5 9.4
3
51.5 58.5 59.7 25.1
31.0 14.7 11.4 10.0
70.0 57.7 12.9 5.1
3
74.0 35.9 76.3 15.6
29.3 57.6 86.9 11.1
14.5 22.4 7.0 6.8
3
79.4 61.9 19.4 5.2
77.6 77.1 48.9 5.6
17.8 74.4 31.9 10.5
3
29.6 28.3 28.4 17.0
7.6 33.1 15.9 7.4
13.0 15.2 49.4 11.9
3
79.9 43.4 8.9 7.4
63.2 93.1 12.2 5.4
85.0 61.9 34.0 14.2
2
50.5 78.8 80.3 19.2
93.5 19.9 81.7 6.3
3
7.9 65.6 67.0 7.7
80.1 19.8 43.8 5.8
88.1 54.9 14.5 8.7
2
26.8 94.9 16.0 5.0
26.6 29.6 15.5 13.5
2
43.0 21.8 43.7 5.7
70.2 66.2 49.6 27.8
2
67.8 11.7 76.3 11.0
88.5 53.5 35.3 10.4
3
63.6 64.7 10.6 8.2
46.8 27.5 80.9 15.5
44.6 10.4 13.9 6.5
2
26.1 32.7 16.3 12.8
84.9 24.7 64.3 12.1
3
17.8 72.8 93.5 5.6
22.9 86.7 35.8 6.6
55.4 68.0 68.9 9.6
3
59.1 54.3 62.8 11.9
23.2 26.8 71.4 21.5
29.6 31.4 29.9 11.4
3
36.9 61.4 15.0 9.0
49.7 27.8 84.4 5.7
66.8 89.9 72.7 5.5
2
81.2 73.7 35.9 17.1
47.5 55.3 25.8 5.3
3
91.5 66.4 66.5 5.3
73.4 35.9 53.6 26.1
11.5 63.1 27.9 5.9
2
77.3 60.7 81.5 8.0
89.3 9.4 63.1 7.3
3
48.2 53.9 50.1 42.3
23.2 13.7 72.4 5.2
91.2 45.1 8.8 5.5
3
56.6 89.5 62.2 6.8
43.1 60.6 35.4 19.4
8.5 54.3 82.6 6.7
2
51.2 33.5 59.6 21.4
20.3 37.4 43.4 7.5
3
53.7 39.0 67.4 29.3
19.5 87.1 74.9 5.5
74.7 87.9 48.5 9.8
2
78.7 9.3 72.5 8.1
80.3 74.6 17.7 11.7
3
46.9 61.4 37.4 19.1
7.3 72.0 50.9 6.3
13.8 30.4 13.2 5.9
3
73.9 87.8 73.4 11.3
84.9 18.5 35.5 6.8
24.5 71.5 88.7 7.6
3
18.8 73.2 79.4 18.0
18.1 55.0 29.1 5.8
81.7 92.1 37.0 5.9
2
56.8 31.5 65.3 12.7
30.2 43.5 75.2 8.0
2
14.2 31.7 29.9 7.4
26.0 7.1 90.0 7.1
3
90.6 10.2 57.6 7.0
52.9 74.2 53.1 19.4
73.0 90.8 82.6 7.7
3
77.6 42.4 45.4 14.5
74.4 66.3 45.2 7.2
26.2 52.7 87.6 9.4
2
42.1 79.3 32.6 8.7
15.0 23.3 61.4 7.7
2
64.6 33.4 85.3 9.0
27.4 9.5 55.8 6.5
2
45.3 90.2 64.8 8.0
17.2 26.2 39.9 7.7
2
28.0 85.3 79.6 13.2
50.1 11.6 92.8 5.7
2
34.7 72.2 21.2 16.9
40.7 90.7 35.6 5.1
2
46.3 89.4 56.1 9.4
45.3 67.4 17.6 9.9
2
32.2 56.2 43.2 17.0
21.8 93.3 13.1 5.2
2
69.9 43.8 67.3 13.4
32.8 35.0 40.8 22.6
2
57.0 38.6 20.8 15.9
43.2 60.0 60.9 13.7
3
7.1 25.4 84.8 5.8
31.0 48.0 88.2 8.3
44.5 24.9 19.2 16.5
3
30.5 71.2 16.1 15.8
41.8 7.9 45.3 5.6
9.0 68.6 88.8 6.6
3
15.7 86.8 49.4 11.8
37.8 66.9 24.1 6.6
31.1 20.6 19.1 6.5
3
67.5 76.2 18.0 17.4
36.5 59.4 62.9 24.5
6.9 28.0 78.4 6.1
2
59.5 9.2 8.7 5.0
60.3 32.0 69.3 15.6
2
21.0 55.8 17.5 14.6
48.9 75.8 10.5 8.6
2
38.1 60.6 33.4 18.3
81.4 66.0 82.4 16.6
2
63.9 20.9 84.2 11.9
6.7 59.9 92.8 6.0
2
63.5 60.2 19.8 9.1
26.5 74.8 73.2 7.6
2
67.8 65.5 80.5 19.5
33.8 57.3 32.7 12.4
3
34.3 66.4 77.1 14.9
86.1 19.3 54.7 10.1
9.8 92.4 84.5 7.0
2
49.2 35.3 56.8 16.9
6.5 52.8 37.7 6.3
3
8.9 19.4 12.6 6.6
34.4 79.1 63.8 12.8
93.5 31.1 22.3 6.3
3
44.0 83.0 60.8 5.0
28.0 77.6 86.6 9.6
74.1 25.2 58.3 8.7
2
57.6 91.9 49.1 5.3
38.3 28.4 38.5 22.7
2
69.3 44.2 46.8 7.6
23.5 54.8 42.1 5.5
3
77.7 20.0 71.7 18.6
82.1 52.0 63.0 13.3
47.4 35.8 82.1 10.9
3
38.5 37.3 19.3 9.7
7.6 80.4 6.1 5.1
10.5 18.1 7.3 5.5
3
47.4 54.0 13.4 9.2
45.3 66.3 89.0 7.2
24.6 71.4 30.8 14.4
2
81.3 79.4 85.6 12.7
75.5 8.5 37.7 6.2
2
40.5 38.4 82.1 7.8
52.7 91.7 47.8 5.4
3
71.9 40.7 12.9 10.3
31.3 22.9 50.2 22.1
83.1 20.9 73.7 10.2
2
71.7 69.2 53.6 11.1
17.5 25.6 12.4 8.4
2
58.1 25.8 6.8 6.2
39.0 71.3 42.0 22.9
3
69.3 54.0 31.0 22.8
14.9 20.4 82.1 10.5
7.7 7.6 17.1 5.5
2
34.5 85.4 74.1 5.6
22.8 41.3 7.8 6.2
2
22.7 44.2 82.8 8.9
24.0 9.0 74.9 7.5
2
43.4 76.2 21.0 16.7
76.4 36.4 63.2 22.9
3
12.4 10.6 39.8 5.4
67.4 25.7 16.2 13.6
50.1 13.7 75.2 13.4
2
21.3 38.1 49.2 11.3
12.8 9.2 68.7 6.2
3
32.4 59.8 63.4 13.2
12.6 80.1 72.4 9.4
46.9 88.9 6.0 5.7
2
62.0 9.8 91.1 5.4
62.6 55.2 35.4 14.0
3
62.5 8.5 17.5 8.4
7.3 68.4 29.5 5.4
59.6 27.8 39.0 6.0
2
22.0 29.0 13.5 6.4
24.2 69.3 62.6 16.4
2
22.1 37.4 22.9 5.6
90.7 76.8 51.2 6.3
3
20.5 82.9 27.4 12.1
66.0 58.2 62.6 32.1
84.0 10.8 59.3 7.1
3
31.7 8.6 31.9 7.2
70.7 92.1 54.8 6.7
74.4 70.2 33.3 21.1
2
71.3 16.0 27.1 8.4
58.5 40.0 94.6 5.0
3
41.5 26.1 86.0 10.7
47.5 49.7 55.7 20.4
22.7 74.6 11.0 6.8
2
80.3 62.0 32.7 12.5
22.3 6.1 39.8 5.5
2
7.6 85.0 57.3 6.5
30.9 55.8 35.6 8.7
2
37.6 18.2 75.4 8.9
12.6 32.0 43.1 12.5
2
28.1 24.8 23.9 6.9
23.2 66.2 71.4 7.7
2
51.9 60.2 31.2 20.7
25.8 88.0 14.5 11.1
2
87.6 35.1 82.3 12.0
26.8 13.4 54.9 6.3
3
59.4 44.3 33.0 19.2
88.7 74.9 29.1 10.3
54.9 25.2 86.0 10.3
2
59.4 27.1 86.7 5.2
54.0 19.1 51.6 17.6
2
26.4 85.4 62.8 7.1
48.9 93.1 25.0 5.7
2
39.8 81.2 28.3 6.1
41.6 51.3 16.2 5.7
2
37.1 13.9 66.7 12.7
8.8 78.6 20.5 7.3
3
46.5 73.4 63.3 22.1
59.7 8.9 40.6 5.0
41.8 36.3 23.1 15.2
3
48.5 55.6 52.9 25.3
79.1 42.8 62.9 8.4
91.2 78.8 47.9 8.6
3
46.9 16.6 40.4 7.8
35.7 36.9 10.4 9.5
62.3 75.3 84.9 8.3
3
83.8 29.9 44.1 11.1
32.4 49.5 16.1 10.5
69.5 13.3 18.1 7.7
2
35.3 77.8 52.4 19.3
55.2 41.8 15.3 12.0
2
69.9 35.0 76.4 22.7
13.8 90.4 58.1 7.6
3
62.2 81.7 53.0 13.5
24.4 28.1 23.8 12.8
28.8 85.0 75.7 10.1
2
84.4 29.2 22.8 13.3
45.4 91.1 64.6 8.0
2
73.6 21.8 90.9 5.8
48.2 23.7 15.0 10.5
3
65.4 7.0 68.2 6.9
26.9 19.9 55.7 15.7
70.5 9.2 47.6 7.8
3
44.7 40.3 13.8 6.0
28.1 65.2 78.9 6.9
70.5 59.4 17.3 10.9
2
63.1 41.2 22.6 12.7
62.8 26.7 56.6 17.6
3
22.5 71.8 65.6 5.3
87.9 74.4 75.0 6.8
39.9 44.4 86.7 11.6
3
51.4 45.2 37.1 26.1
62.2 25.8 10.3 7.6
89.6 14.4 40.2 7.2
3
30.0 80.2 77.4 6.8
62.9 60.8 58.3 20.4
11.4 53.8 67.6 11.3
3
50.8 68.0 71.3 12.3
41.9 14.5 49.7 5.0
56.6 19.6 69.3 11.4
2
25.2 44.8 30.2 21.5
80.6 27.3 81.2 17.7
2
64.1 73.1 78.3 7.3
17.5 20.7 73.5 14.5
3
42.3 18.3 24.6 9.4
65.3 9.9 60.2 7.0
80.8 49.5 67.9 18.7
3
8.5 15.5 62.4 6.4
30.4 70.7 41.1 11.5
63.3 69.9 29.7 5.7
3
19.2 74.0 47.8 7.0
89.5 60.2 46.3 10.2
17.6 19.6 77.1 15.2
2
63.7 68.5 43.1 27.3
19.0 35.8 49.7 15.9
3
72.6 61.3 22.2 5.3
66.7 81.4 54.2 13.5
18.4 41.5 24.3 16.4
3
70.6 87.9 77.7 10.7
92.5 32.7 78.9 6.7
39.2 37.9 48.1 8.6
3
51.9 92.8 80.6 5.7
67.1 31.4 87.7 8.7
85.5 52.1 80.2 8.9
3
66.9 27.2 56.1 25.3
20.0 73.1 11.8 5.3
16.2 81.8 79.0 12.2
3
42.3 76.7 26.6 15.3
12.2 24.2 72.1 5.5
19.6 51.3 70.9 19.6
3
90.8 32.4 21.5 6.2
65.3 13.9 86.3 5.7
28.0 28.6 89.1 5.3
3
38.6 64.8 55.7 24.2
64.9 29.1 36.0 7.7
92.3 43.8 45.6 7.5
2
17.2 67.0 15.1 5.6
27.4 17.3 19.3 15.8
2
15.8 30.6 58.2 10.0
47.3 28.3 43.0 18.9
3
47.8 44.8 30.5 21.9
13.3 72.1 51.9 5.7
25.4 15.7 9.5 5.8
3
13.1 66.6 88.5 7.5
34.3 56.9 86.1 6.6
62.8 47.8 47.1 8.6
3
72.4 32.6 59.1 21.0
70.5 86.2 82.0 11.4
85.9 59.0 34.0 9.8
2
9.6 83.9 42.1 6.2
18.4 85.9 72.8 8.1
2
56.5 41.1 83.4 9.8
34.0 32.1 22.1 7.7
2
16.9 71.1 39.4 13.5
8.1 57.9 13.9 5.3
2
41.0 15.9 10.1 7.2
64.8 8.2 9.3 5.6
3
56.4 86.8 61.7 5.4
84.9 37.1 8.1 6.8
15.6 65.9 30.2 13.5
2
87.0 28.2 71.1 6.4
21.1 60.9 75.3 18.6
2
80.9 89.6 48.1 7.5
50.7 18.8 27.3 16.0
3
21.6 42.8 39.7 20.0
82.9 31.7 83.3 7.0
53.6 79.9 75.1 5.5
2
34.4 77.3 6.7 5.2
38.2 22.4 12.0 8.7
2
65.0 21.4 63.8 8.3
24.6 7.3 86.6 5.4
2
18.8 43.4 53.7 10.5
77.2 57.3 82.1 10.0
2
31.0 90.2 36.2 9.7
43.0 7.5 11.7 6.6
3
15.4 63.0 28.5 14.9
59.8 84.1 18.3 11.3
22.1 27.3 86.0 6.4
3
39.1 65.0 57.5 34.0
10.1 44.8 19.1 5.4
46.5 12.3 42.0 7.2
3
63.7 56.4 36.5 34.1
88.9 30.1 87.7 6.7
71.0 78.5 81.4 16.3
2
65.5 48.0 39.4 6.5
87.7 81.6 66.0 7.2
3
62.1 41.0 31.2 6.8
55.6 48.7 89.5 8.8
66.1 13.1 29.6 6.5
3
55.0 50.9 56.8 37.8
85.2 58.3 14.6 12.8
50.6 49.4 12.0 5.2
2
76.2 53.7 70.8 9.3
6.5 72.1 46.0 5.8
2
18.3 43.5 18.1 7.4
83.1 15.7 30.6 10.7
3
39.6 69.7 41.0 27.8
26.7 15.9 88.3 11.2
76.7 59.8 29.0 9.9
2
86.0 30.2 33.2 6.8
45.3 80.6 8.4 5.2
3
56.3 76.1 58.4 11.3
27.8 21.3 7.6 7.3
78.0 34.5 35.9 12.7
2
72.4 32.8 74.0 23.0
17.3 36.4 73.0 15.6
3
5.8 20.2 12.8 5.3
70.7 64.2 69.2 26.8
21.2 53.9 49.3 17.0
2
50.0 60.8 27.2 23.4
40.9 87.1 61.5 10.1
2
39.6 67.0 34.2 21.7
66.6 88.8 68.7 10.4
2
85.3 27.2 68.4 5.9
23.9 80.0 12.0 9.5
2
74.2 12.0 56.0 6.7
76.7 60.8 65.5 5.6
2
5.7 47.3 22.8 5.0
29.4 85.3 53.4 13.8
2
51.4 80.2 76.8 15.7
27.2 18.0 14.2 9.0
2
22.4 86.1 76.6 10.4
51.9 16.5 26.5 9.7
2
58.8 80.1 29.5 7.0
48.6 23.7 51.0 17.2
2
29.5 22.8 31.6 14.0
89.7 64.8 82.0 5.5
3
67.1 74.2 84.8 12.9
36.6 8.9 40.0 8.5
20.5 83.5 8.9 6.6
2
10.0 59.4 9.1 7.6
13.5 34.4 71.5 6.3
3
65.0 85.7 63.0 9.2
18.8 67.6 87.2 12.4
76.0 15.9 51.6 13.4
2
65.6 66.6 37.7 9.7
21.1 31.3 49.6 17.7
3
33.6 58.1 14.6 12.5
75.7 14.2 63.6 5.3
15.3 61.8 71.6 5.0
2
46.6 69.2 61.4 13.1
81.9 86.3 21.1 8.3
3
8.5 21.8 92.2 5.7
55.0 79.8 73.4 8.1
61.7 87.0 89.9 9.1
3
77.1 64.6 38.8 9.9
80.7 63.5 73.4 15.2
13.8 15.3 32.1 12.1
2
16.6 18.8 11.9 7.3
80.1 71.7 59.9 17.2
3
13.2 49.9 90.7 8.0
59.5 51.1 32.3 25.3
91.2 19.0 18.7 6.6
3
88.7 8.6 6.1 5.2
85.4 68.5 37.8 12.6
20.8 20.1 32.5 7.5
3
39.8 32.8 68.8 27.2
18.9 64.0 43.4 14.5
27.0 80.0 84.9 7.9
2
9.3 24.8 66.7 5.0
68.4 42.2 57.9 20.4
2
43.2 45.0 9.4 9.0
86.8 26.3 68.9 12.3
3
33.2 93.5 32.4 6.2
92.6 76.6 23.8 5.3
32.3 39.5 45.1 5.1
2
49.7 50.8 46.2 14.7
73.6 88.8 80.7 10.9
2
45.5 36.3 53.9 7.4
11.4 68.1 71.9 6.8
3
28.8 84.4 19.8 7.3
86.1 47.2 25.5 12.1
28.0 88.2 79.4 11.7
3
51.5 88.3 52.1 7.5
77.5 54.4 23.8 13.6
17.8 19.7 52.2 15.9
3
31.5 34.1 71.9 13.3
31.1 41.3 46.6 10.6
18.0 60.6 63.7 16.6
3
61.0 12.3 74.3 7.2
56.0 55.4 34.9 19.5
16.5 67.9 68.2 7.0
3
40.4 5.7 62.1 5.5
57.0 89.7 35.4 9.2
20.2 24.4 32.3 10.6
2
9.2 76.4 63.1 8.8
93.8 77.7 38.5 5.2
2
59.3 55.8 65.2 11.1
15.4 24.4 37.8 9.0
3
77.4 31.3 7.6 5.3
69.7 46.4 42.8 6.1
9.1 13.8 74.1 5.2
2
26.3 61.3 41.0 11.3
7.4 21.2 81.7 6.6
2
26.2 81.1 86.6 9.6
14.5 91.3 30.7 8.5
3
78.6 54.4 54.5 9.9
58.3 33.0 34.0 20.4
39.2 79.7 63.1 8.7
3
11.5 32.6 28.6 5.5
14.0 10.9 92.2 6.8
72.0 63.3 90.2 8.8
2
59.7 69.3 73.0 10.9
21.6 15.3 50.2 15.0
2
55.6 16.3 87.6 9.6
80.2 89.2 11.9 9.8
3
79.8 79.7 85.6 13.7
82.6 54.4 53.1 10.6
22.8 9.2 74.0 9.2
2
50.1 88.7 35.8 7.6
25.3 86.1 34.8 8.3
3
89.2 27.4 57.1 6.6
18.3 14.8 31.4 12.9
91.5 77.6 54.6 7.1
3
69.5 64.6 73.0 18.0
16.9 6.3 32.0 5.1
19.5 51.8 69.6 7.6
2
51.3 22.5 11.0 5.2
35.5 94.2 83.9 5.2
3
32.8 22.8 6.0 5.3
44.7 87.4 89.0 7.5
52.8 14.4 34.5 14.4
2
24.1 36.7 66.3 19.5
56.3 67.0 72.0 9.8
2
67.1 33.2 64.0 23.8
17.5 64.2 66.0 10.9
2
53.3 74.7 69.4 23.8
64.5 53.8 23.5 8.4
2
51.7 54.2 56.2 25.0
57.4 11.4 13.2 5.4
3
20.8 8.7 35.5 8.2
66.4 36.4 31.5 22.6
24.5 68.4 67.2 9.4
3
40.7 93.9 43.0 5.2
17.8 85.4 67.5 6.6
68.4 43.1 60.3 19.1
2
45.1 93.8 31.1 5.6
28.3 60.4 77.8 19.0
3
28.3 12.3 13.6 8.5
69.3 45.5 15.2 13.0
17.8 39.0 66.5 8.7
2
78.8 71.4 78.0 11.3
35.7 18.3 85.5 12.6
2
44.7 62.3 70.0 19.8
76.8 24.3 22.1 10.2
3
25.8 37.7 51.1 14.4
49.3 35.6 93.0 5.2
47.4 20.3 78.3 5.8
3
13.1 80.2 10.6 6.3
31.2 86.0 32.5 10.8
29.8 13.9 11.0 10.0
2
51.9 44.4 91.5 7.3
35.6 66.4 28.9 7.3
2
47.0 78.9 37.1 19.2
65.5 87.4 72.1 12.0
2
20.9 46.3 79.9 15.9
45.8 38.3 21.6 8.1
3
83.6 88.0 33.8 9.0
36.8 35.5 41.9 27.8
10.6 86.6 5.4 5.2
3
56.8 77.8 59.6 9.4
85.7 27.0 76.7 9.3
79.2 48.4 38.7 13.9
3
18.2 60.6 16.0 11.8
32.2 72.7 63.2 25.2
62.8 85.7 19.5 13.1
2
32.7 40.6 47.4 26.8
34.3 74.5 86.1 8.6
3
23.3 36.7 7.4 5.8
56.0 90.1 8.9 7.3
94.2 70.1 78.2 5.0
2
89.2 67.3 78.5 10.3
88.3 49.6 37.7 7.5
3
12.3 19.4 20.6 6.5
64.6 88.4 38.8 8.9
40.7 50.4 45.8 29.3
2
27.3 89.8 16.6 7.2
22.8 77.1 47.9 6.5
3
66.8 39.4 23.3 16.5
67.9 77.4 16.0 12.9
9.4 22.2 85.5 7.7
2
38.9 39.7 70.6 25.5
75.5 9.7 65.5 5.6
3
56.0 49.5 61.7 37.9
28.6 36.6 11.9 10.3
91.8 20.2 88.8 6.1
2
33.2 31.2 82.5 7.9
13.6 26.0 18.4 9.3
2
42.5 10.0 58.3 5.0
53.2 54.6 88.0 6.4
3
58.7 52.4 83.8 8.1
69.1 43.1 26.3 23.3
51.1 6.1 63.0 6.1
3
81.7 59.2 24.1 8.4
81.4 18.8 90.6 8.8
82.2 62.3 65.6 7.8
2
12.7 14.9 67.4 5.4
70.1 47.6 33.6 17.2
2
75.0 69.8 38.6 24.5
58.4 61.4 89.4 8.4
2
51.0 28.3 33.0 21.8
39.4 70.1 33.6 8.9
3
57.0 66.6 41.3 27.3
94.5 32.4 59.1 5.0
47.3 63.8 78.2 9.4
3
66.0 27.8 70.4 14.4
11.8 18.2 33.5 6.9
63.5 10.2 47.8 10.1
3
44.6 45.0 17.2 11.9
42.3 20.6 38.8 6.6
32.2 18.2 54.4 7.1
2
39.3 21.1 93.9 5.5
66.3 9.4 20.8 7.2
3
22.2 14.8 21.3 8.1
70.6 19.1 33.9 17.9
55.3 70.7 54.9 23.4
3
87.2 41.0 56.7 6.2
49.4 60.6 47.0 15.2
45.7 18.5 47.0 18.2
3
78.3 30.5 65.0 8.4
25.3 49.1 25.9 10.4
68.9 47.2 26.0 13.7
2
42.6 44.9 66.6 16.5
38.3 34.9 24.5 10.6
2
24.7 84.7 38.5 6.8
36.5 71.9 70.9 23.6
3
51.6 73.3 73.9 5.6
64.4 10.7 62.7 6.6
75.0 77.4 38.0 13.0
2
18.0 36.7 81.2 15.3
39.1 85.2 21.2 9.1
2
38.3 19.3 73.1 17.9
85.8 83.9 51.9 5.4
2
54.0 67.0 10.4 9.4
87.6 14.8 35.2 7.1
3
87.5 77.0 65.7 5.8
88.2 78.4 27.5 8.8
21.1 35.5 45.9 12.1
3
14.2 92.3 20.0 6.8
50.7 45.7 45.3 7.9
37.0 76.6 64.5 8.9
3
41.3 71.3 44.9 18.0
28.7 48.6 34.0 5.3
11.8 19.2 22.6 6.6
2
77.0 44.8 20.6 15.4
45.8 15.7 65.5 13.5
3
91.1 36.8 70.7 5.8
18.4 52.0 79.3 10.7
83.7 83.2 71.7 11.6
