1000

2
49.0 25.1 6.7
33.1 68.0 7.4
2
19.3 16.6 7.8
51.1 34.0 16.4
3
87.6 85.6 9.5
59.2 37.5 34.6
12.1 52.8 9.2
2
73.3 72.6 14.8
6.0 51.5 5.1
3
40.3 33.1 10.4
8.1 20.5 5.4
20.9 85.1 9.1
3
75.5 85.5 5.7
72.3 48.9 26.7
5.7 87.2 5.0
2
43.6 92.6 6.4
76.5 12.7 10.9
3
11.4 41.7 5.3
32.4 81.4 10.7
30.0 23.0 20.8
3
22.0 63.3 16.6
52.8 33.3 12.5
66.9 17.9 7.0
3
55.4 66.3 10.1
9.6 27.4 9.2
50.4 17.2 12.8
3
41.5 17.4 15.3
75.3 42.9 21.3
57.6 88.8 10.5
3
49.6 65.7 19.9
20.7 94.1 5.7
69.9 12.7 10.7
3
55.7 39.4 13.3
10.9 89.2 7.3
36.2 16.6 16.6
2
29.8 12.3 8.0
91.0 43.5 8.3
3
51.9 75.0 12.0
84.0 82.1 8.3
27.7 31.6 8.0
2
10.9 59.1 9.3
46.0 60.4 5.5
3
26.3 60.9 12.9
41.7 84.5 8.7
79.0 20.1 14.5
2
67.2 35.5 15.9
32.9 77.2 14.2
2
56.0 47.9 6.1
75.8 51.9 12.0
3
77.8 71.8 20.2
27.7 48.2 15.9
41.3 87.0 12.5
3
16.7 21.9 13.9
76.7 82.5 12.7
5.3 72.6 5.0
3
74.2 43.5 5.7
73.8 84.3 7.3
88.5 9.9 8.5
3
73.7 25.7 23.6
26.4 47.5 8.9
31.4 76.6 9.2
3
77.0 54.1 13.8
56.2 87.4 10.8
11.3 82.2 7.3
2
88.1 67.4 6.3
76.8 24.4 10.5
2
69.3 41.0 6.8
11.0 17.1 10.4
3
78.0 21.2 6.6
30.6 29.2 12.2
15.5 75.3 8.4
3
82.3 32.7 5.5
38.0 41.9 27.1
24.9 78.4 5.8
3
77.7 37.0 19.1
56.3 12.8 10.5
26.8 31.2 17.0
2
72.1 57.8 19.5
29.9 39.1 21.6
3
57.8 83.9 12.1
12.5 74.8 6.3
69.1 21.2 5.2
2
28.7 76.1 18.5
78.6 13.3 6.8
3
19.3 69.0 9.8
59.8 69.4 6.9
87.7 50.0 10.3
2
90.8 88.4 5.8
15.9 18.9 11.8
2
71.2 86.2 6.5
80.2 62.5 14.8
3
31.8 30.0 29.0
23.0 88.5 8.7
78.6 52.2 20.2
2
43.2 55.2 35.3
85.6 46.9 6.8
2
73.0 70.7 20.6
72.0 18.0 17.6
2
22.6 49.9 13.7
85.8 28.9 11.5
3
85.7 59.1 11.1
50.7 22.5 15.9
74.2 80.5 7.3
3
44.3 33.0 21.2
85.9 19.3 13.2
11.4 71.5 8.9
2
13.4 31.0 12.6
75.8 42.0 13.5
3
51.9 76.0 19.5
38.3 21.0 17.0
9.2 29.5 5.4
3
31.7 50.6 13.9
70.5 40.0 8.2
84.1 91.1 6.6
3
69.7 28.7 15.6
38.3 12.3 5.9
16.6 94.0 5.8
3
71.4 48.4 22.1
10.2 19.5 6.0
37.1 31.7 15.5
2
29.3 46.3 25.4
75.0 58.1 21.7
3
21.2 70.8 11.0
37.7 34.2 19.4
82.9 55.4 6.6
2
65.3 29.5 28.6
30.4 80.5 15.7
3
69.4 79.7 12.6
69.7 16.0 12.4
19.7 33.4 11.3
3
14.1 54.2 10.1
57.1 26.5 22.9
75.7 54.8 5.7
2
56.0 52.0 24.7
21.7 41.7 6.0
3
16.2 12.6 11.5
26.0 87.1 12.0
85.3 85.3 9.2
2
55.6 58.3 14.6
57.9 28.3 10.0
2
83.6 38.6 12.6
88.2 71.7 10.3
2
28.0 48.6 16.7
66.9 23.5 12.6
3
14.2 88.5 9.6
57.1 35.1 5.9
67.1 69.7 24.3
3
88.8 10.6 6.7
10.8 39.0 8.4
63.1 82.8 17.0
3
12.2 61.4 7.2
65.8 65.2 17.9
38.8 20.4 14.7
3
13.1 30.0 6.5
65.7 40.3 26.8
7.8 60.3 7.3
2
14.1 8.9 5.4
22.8 56.0 11.4
3
89.3 36.0 10.5
14.3 17.0 9.7
72.7 63.5 7.8
3
18.1 59.9 9.4
88.5 36.2 11.1
45.1 43.8 15.8
3
54.9 44.4 36.0
17.3 20.4 5.0
86.3 73.4 5.4
2
28.8 91.4 6.7
56.7 16.7 11.0
3
65.3 21.1 20.0
7.9 17.4 7.7
16.9 92.0 7.8
3
63.8 56.8 12.6
91.4 58.7 7.9
34.3 22.1 18.1
2
85.9 50.0 9.4
9.4 79.0 9.4
2
58.8 24.4 9.6
17.6 9.1 6.7
2
61.8 33.8 28.0
18.3 64.8 7.7
2
56.7 29.5 14.1
84.2 84.4 11.3
3
33.4 33.1 19.9
93.0 78.5 5.8
62.4 12.4 10.8
3
41.2 16.4 6.3
16.3 55.1 15.3
90.7 39.3 6.3
3
89.7 68.6 7.4
11.6 41.3 5.6
26.9 62.2 17.8
2
67.2 30.1 18.5
88.7 74.0 6.4
3
91.6 42.2 7.8
18.6 21.1 5.0
70.8 79.4 8.8
2
84.4 64.2 14.8
38.2 27.5 21.4
3
46.9 48.2 22.8
10.5 14.3 9.6
90.5 17.7 8.0
2
38.2 61.8 38.2
79.8 27.2 6.6
2
93.2 58.7 6.0
54.6 73.1 22.3
3
62.3 64.5 14.9
32.7 82.3 10.5
58.6 32.2 9.1
3
10.5 14.5 9.0
57.8 80.9 17.2
61.2 14.0 7.3
3
65.5 63.6 7.8
86.0 8.4 7.6
19.4 88.4 9.2
2
12.7 18.1 10.7
58.5 66.8 28.0
2
61.0 21.8 17.9
43.8 65.5 5.6
3
44.1 61.3 23.3
40.9 30.9 6.2
89.5 86.4 8.1
3
51.9 93.9 5.2
92.0 30.7 5.4
39.4 60.6 6.3
2
60.8 25.2 8.2
30.0 65.2 28.6
3
73.8 74.4 21.0
59.9 43.2 10.1
37.2 6.6 6.4
3
15.7 9.2 6.6
43.3 22.6 5.1
23.1 48.4 11.1
2
28.5 54.9 22.3
44.2 86.9 10.5
3
51.4 26.9 14.7
44.4 92.6 7.1
25.0 52.6 11.3
3
45.8 58.4 13.9
77.3 75.4 20.7
13.8 61.0 5.4
3
32.1 66.7 27.3
38.5 19.1 13.5
69.3 6.8 6.3
3
56.0 88.2 7.7
88.6 70.9 7.3
50.1 14.2 7.6
3
36.6 22.5 14.0
17.7 55.1 9.9
80.2 64.0 8.7
2
84.1 83.4 13.6
18.7 50.6 13.7
3
53.1 71.5 25.5
39.2 29.6 6.5
79.9 10.1 7.4
3
81.2 52.9 15.1
50.7 30.8 10.1
10.4 15.0 9.6
3
62.0 14.1 5.9
62.4 70.5 7.5
70.6 39.9 20.4
2
24.3 51.6 23.1
81.5 12.9 7.0
2
55.7 59.2 38.8
10.9 82.4 10.0
2
31.2 85.1 14.4
75.9 64.4 21.7
3
39.9 30.3 29.3
28.1 79.3 11.3
58.5 60.7 5.2
3
71.0 76.1 21.8
59.9 33.3 8.3
21.7 76.4 10.6
3
28.6 52.8 22.8
76.7 36.7 16.6
78.4 72.1 17.5
3
43.3 36.0 20.5
92.2 74.3 7.4
87.1 92.4 6.1
3
67.9 34.2 26.0
37.1 65.1 17.1
22.8 28.0 17.5
3
30.2 21.2 5.7
90.4 67.7 9.2
63.6 78.9 19.8
3
72.2 59.8 7.3
94.6 85.8 5.0
13.1 17.9 12.7
3
20.6 17.5 13.9
33.8 70.9 18.5
68.6 77.1 11.7
2
39.5 27.1 19.0
91.3 87.0 6.8
2
34.9 82.0 15.3
56.6 7.5 5.9
3
56.1 17.6 8.3
30.8 52.5 8.1
8.7 17.8 8.3
2
81.4 47.7 8.3
44.2 31.7 6.5
3
64.3 14.2 10.2
28.8 31.7 9.8
66.4 35.7 5.6
3
46.7 17.1 5.8
50.1 76.1 16.0
87.1 53.8 7.3
2
25.3 60.3 20.0
63.5 27.9 12.3
3
44.7 81.5 9.9
28.2 8.6 7.2
42.5 9.5 5.3
3
22.1 50.7 20.2
39.6 90.8 6.6
69.3 90.0 5.4
2
94.7 88.9 5.0
86.0 54.2 12.2
2
17.9 59.6 14.0
34.3 40.1 6.2
3
44.9 41.1 29.6
85.5 55.3 9.7
72.6 87.8 9.4
3
72.8 64.8 27.1
34.0 88.5 9.3
31.8 11.3 6.1
2
53.0 51.6 40.7
7.4 16.6 6.3
3
25.4 86.9 5.6
44.8 87.5 7.2
56.4 34.9 27.0
2
90.6 66.8 5.5
62.0 26.6 21.3
3
65.3 72.1 24.4
71.9 22.7 10.2
37.9 33.4 7.2
2
24.2 13.5 10.2
42.7 16.4 7.3
3
87.2 42.4 12.0
56.7 37.1 16.1
45.5 84.3 10.7
2
20.8 60.5 12.0
32.9 18.2 9.1
2
37.2 74.3 18.5
25.3 20.2 15.8
2
13.6 75.9 10.3
53.0 20.8 18.4
3
47.4 27.6 24.3
48.8 92.1 7.1
10.4 90.0 6.0
3
38.9 41.7 19.0
50.0 72.4 12.0
41.7 11.4 9.4
2
70.9 52.4 18.2
40.7 77.0 13.2
2
34.6 76.6 10.7
11.9 84.7 7.1
2
82.3 44.2 16.4
41.3 83.5 11.8
2
30.3 62.3 9.5
67.4 51.4 8.8
2
49.5 45.8 5.5
55.9 22.5 15.5
2
59.0 39.2 24.9
84.3 73.3 14.7
2
64.6 51.0 32.5
21.4 60.2 6.1
2
15.2 36.3 10.2
57.3 73.3 20.0
2
25.4 55.8 19.5
61.9 11.5 10.0
3
53.6 70.1 10.4
11.5 8.9 5.0
15.8 30.7 7.3
2
40.1 30.3 9.5
57.9 68.5 15.0
3
18.4 62.0 8.7
70.2 64.0 20.4
21.3 27.3 16.9
2
39.5 37.6 9.9
85.4 49.2 11.9
2
34.3 64.2 14.6
11.0 52.9 7.5
3
25.9 87.9 9.3
79.1 21.5 16.4
9.1 62.4 8.6
2
21.8 55.5 13.6
19.9 10.0 9.4
2
35.4 32.6 6.1
72.3 67.6 10.7
3
52.0 77.9 11.6
13.0 58.9 5.8
82.4 44.9 5.9
2
65.3 49.9 28.0
19.2 39.7 6.1
3
16.7 63.8 8.5
72.1 17.2 7.0
31.2 26.9 5.8
2
45.9 36.6 5.7
80.3 64.0 13.3
2
27.5 72.2 19.3
70.3 51.4 8.6
3
74.7 38.7 16.2
83.4 69.8 8.5
25.7 15.2 7.6
3
91.2 62.6 8.4
60.4 83.5 10.5
32.0 46.2 16.8
2
48.7 63.9 22.1
15.6 31.5 8.7
3
78.1 14.0 13.1
59.1 6.2 5.7
38.6 54.2 35.9
2
76.2 41.8 11.9
65.5 71.2 10.9
2
90.5 70.9 9.5
69.6 7.7 5.2
3
28.5 72.3 7.9
28.4 49.4 10.0
55.2 80.7 8.4
3
65.8 21.2 6.8
55.9 44.5 14.0
64.2 66.9 5.4
2
36.3 18.9 5.9
38.4 43.2 18.3
2
41.7 67.6 14.4
69.7 73.0 9.6
2
55.8 23.2 18.8
39.4 62.3 14.2
2
40.9 57.8 38.3
85.1 27.6 14.1
3
79.6 58.7 11.5
27.8 38.6 24.1
75.0 88.1 10.8
3
23.0 64.4 14.6
49.9 24.3 20.1
85.6 16.6 6.5
3
60.2 39.8 28.7
50.8 79.4 8.1
14.4 25.9 8.2
2
48.9 88.6 8.7
83.5 43.2 11.7
3
65.3 20.6 9.5
53.7 72.8 24.1
80.8 10.2 8.3
2
47.6 30.5 28.7
92.1 92.2 6.4
2
52.1 64.9 19.6
30.3 92.6 5.0
2
38.8 13.2 12.7
57.6 20.6 5.2
2
26.2 25.2 23.0
57.4 57.7 5.8
2
8.3 69.7 8.0
46.7 42.2 26.7
2
40.9 65.3 31.4
82.4 48.2 12.9
3
73.5 31.1 6.2
57.0 71.2 20.5
21.0 43.0 15.9
2
81.2 26.8 14.1
24.9 30.1 24.7
2
55.8 61.1 23.5
88.9 32.8 9.8
2
16.0 60.3 14.9
88.1 18.1 5.6
3
40.4 46.9 15.7
71.5 30.6 19.4
78.9 78.1 19.3
2
89.6 41.7 9.7
21.3 18.8 11.1
3
89.1 88.6 7.3
49.2 47.2 32.6
11.1 94.4 5.2
3
31.7 21.9 16.1
11.8 36.6 7.5
89.8 71.0 9.1
2
63.9 31.4 27.5
63.7 75.9 11.6
3
88.4 71.6 10.4
50.4 35.0 17.1
76.6 51.5 11.3
3
51.8 81.8 11.4
31.0 30.1 20.0
71.2 61.4 10.2
2
40.9 53.0 40.4
68.2 92.5 5.1
2
73.3 52.2 16.1
89.8 85.9 9.9
2
67.4 23.0 13.3
54.2 66.4 18.8
3
29.6 58.7 9.9
59.8 21.7 6.2
58.6 40.4 7.2
3
24.0 73.0 9.4
88.7 34.6 10.2
39.9 26.2 19.4
3
32.5 29.8 6.8
6.5 56.1 5.8
47.8 79.9 14.0
3
29.0 54.4 7.9
50.2 17.9 16.9
12.0 72.6 5.1
2
26.3 67.8 10.5
62.9 24.2 15.1
2
90.1 40.2 5.6
37.2 19.7 5.6
2
50.2 66.2 24.7
17.7 15.1 6.0
3
30.9 11.8 8.5
69.5 16.2 5.4
83.1 65.1 7.5
3
8.6 9.4 7.1
35.4 78.2 7.7
29.4 38.3 28.2
3
26.7 45.5 14.4
7.9 90.7 6.5
10.9 72.9 8.6
2
14.0 55.1 7.4
13.3 35.7 10.0
3
83.2 55.4 6.0
28.4 85.4 11.8
23.8 49.4 22.3
2
91.2 75.1 7.4
49.3 33.3 15.0
3
59.3 46.0 36.0
24.8 84.9 13.1
7.9 71.7 5.7
3
25.1 57.3 25.0
76.1 73.8 18.9
69.6 22.2 9.5
2
90.2 11.8 9.0
62.1 65.0 12.0
2
59.3 31.5 24.0
65.9 85.1 13.7
3
25.4 77.5 20.8
75.9 40.3 12.1
24.8 8.4 5.7
3
44.3 70.4 28.4
8.6 33.5 6.5
80.3 51.5 11.4
3
40.0 72.9 21.6
72.7 21.0 10.5
80.9 75.8 11.1
2
48.0 79.2 20.3
17.2 61.0 11.1
2
43.8 25.4 7.6
16.0 89.2 10.7
3
85.2 69.2 5.0
54.5 89.8 10.0
55.7 22.1 14.5
3
75.2 51.4 20.5
59.2 75.3 6.1
43.2 15.1 8.4
3
15.0 87.8 9.4
20.8 12.2 11.9
51.7 93.8 5.0
3
69.5 56.9 29.7
13.6 23.4 9.3
20.2 49.5 17.6
3
37.8 69.4 12.3
27.5 13.6 7.2
82.7 21.8 5.9
3
55.1 49.2 38.3
80.5 7.4 5.9
13.4 10.1 8.4
2
32.9 70.6 16.5
71.5 64.6 21.3
2
44.2 67.8 5.6
60.7 33.7 32.1
3
7.9 11.3 7.0
31.6 65.2 16.3
61.6 11.2 7.1
3
70.1 31.3 17.0
6.8 59.6 5.4
59.7 82.0 16.2
2
21.1 79.5 6.8
79.3 27.8 16.3
3
75.9 55.6 24.0
62.1 12.2 6.5
40.7 17.8 14.5
2
92.9 75.9 6.7
22.2 28.1 5.6
3
80.9 22.8 14.2
40.6 19.8 14.0
60.2 89.8 5.6
3
63.3 30.3 12.1
13.1 69.6 10.7
42.7 72.7 8.9
3
49.5 37.5 12.9
21.1 31.7 14.7
45.6 77.9 8.5
3
73.1 61.9 13.9
15.8 16.2 5.9
35.0 45.7 6.4
2
89.2 36.7 6.2
47.3 57.3 13.6
2
78.6 43.9 5.9
77.2 21.1 5.7
2
77.2 76.1 21.5
22.9 17.6 17.2
3
84.1 38.1 10.5
78.7 59.9 6.4
58.3 22.5 12.0
2
67.4 68.4 14.0
24.6 56.1 12.8
3
44.2 19.7 15.9
79.9 27.2 11.9
87.8 90.4 9.3
3
14.4 75.7 9.2
60.9 17.2 16.6
42.9 84.8 8.7
3
37.9 72.8 18.0
41.2 22.9 11.2
88.1 69.9 5.2
2
45.4 71.5 20.8
9.7 49.6 9.5
3
70.3 45.7 5.0
12.7 30.2 11.1
44.5 69.2 18.8
3
80.0 36.0 5.7
77.2 79.4 15.0
53.4 11.1 7.1
2
74.1 71.2 13.8
94.1 66.9 5.2
3
26.3 28.5 24.2
55.4 80.1 13.9
73.5 14.6 9.7
2
58.6 26.1 19.2
18.4 40.4 15.7
3
57.6 75.6 15.3
85.2 13.5 5.4
78.3 72.6 5.4
3
44.9 55.4 16.1
83.4 48.8 6.5
16.8 54.0 7.4
3
86.4 8.9 7.9
18.8 55.2 18.6
64.1 7.9 5.9
3
33.3 45.3 17.1
9.9 27.8 8.5
82.6 21.1 7.1
2
17.0 67.2 8.2
58.5 15.5 8.2
2
67.3 43.8 25.0
26.8 82.0 10.6
3
75.0 74.4 5.6
33.2 90.4 6.3
68.2 35.1 19.8
2
81.0 59.5 5.5
84.2 29.8 8.4
2
43.0 20.9 15.7
25.1 48.1 15.5
3
76.2 70.9 21.9
34.3 8.2 7.0
22.2 85.0 13.1
2
20.2 20.9 5.6
62.5 91.8 5.9
2
72.2 35.9 11.1
42.0 17.9 14.2
2
79.5 76.8 13.5
56.4 51.3 14.4
2
33.7 51.1 33.1
71.5 8.7 5.9
3
52.9 11.1 7.6
28.1 17.3 6.6
84.7 88.2 9.3
3
72.2 66.5 18.2
9.1 85.4 6.0
34.9 9.1 6.7
3
40.0 66.0 20.3
47.9 5.4 5.0
69.6 92.1 6.3
3
49.7 26.1 23.4
8.2 64.2 5.8
53.8 73.8 6.6
2
20.1 25.1 13.5
51.5 19.8 8.0
2
88.7 73.2 9.9
10.5 70.3 7.5
3
56.2 39.0 35.4
10.6 35.2 7.5
8.6 10.4 8.2
2
53.7 56.7 16.8
18.9 18.8 11.7
3
56.2 48.9 15.6
43.8 20.3 8.8
91.2 67.0 5.6
2
91.0 51.3 8.2
59.8 10.6 6.4
3
21.1 36.8 5.1
62.4 29.2 11.1
28.2 15.7 13.2
3
76.2 53.4 9.3
43.7 92.9 6.2
68.9 78.0 11.8
3
44.1 91.7 5.1
65.6 90.4 5.3
80.2 28.4 7.1
3
6.7 71.0 6.1
68.0 26.3 17.6
33.6 29.4 16.2
2
26.7 82.3 15.4
17.8 59.6 6.3
2
32.0 89.1 10.4
74.7 62.2 23.8
2
63.5 62.5 6.2
25.8 20.7 16.5
3
27.1 74.4 17.1
9.4 40.2 8.2
88.2 24.3 9.9
3
45.7 58.6 9.7
48.0 84.0 9.3
29.3 89.6 5.2
3
52.1 31.1 12.6
39.8 69.0 14.1
41.3 10.3 9.2
2
25.1 25.1 17.9
16.8 66.1 7.8
2
29.8 24.9 14.4
85.1 66.2 10.2
3
47.9 27.8 26.2
7.0 27.1 5.6
27.7 65.1 8.0
2
90.0 30.7 6.8
47.4 60.4 19.9
2
19.2 23.9 13.2
49.1 90.1 7.7
2
68.2 11.2 10.3
79.7 57.4 18.2
2
89.1 56.2 8.4
19.3 19.4 14.8
2
90.7 64.1 5.8
50.4 25.3 11.1
3
88.8 49.4 7.9
50.8 79.2 10.6
59.8 17.7 5.9
3
38.6 32.3 22.7
81.8 28.9 13.9
42.6 77.4 11.7
3
72.2 54.7 24.8
26.3 71.2 12.1
12.6 17.9 10.9
2
20.1 44.3 18.6
74.5 26.7 12.0
3
58.2 65.9 8.8
19.8 11.7 9.3
80.7 41.6 5.0
2
66.6 53.9 8.0
23.5 10.9 7.0
2
75.6 80.8 9.6
37.2 46.4 20.3
3
52.9 83.2 6.2
37.8 19.6 7.5
38.2 42.6 9.3
3
70.7 75.2 10.8
21.2 39.9 13.5
6.7 93.7 6.2
3
30.7 12.2 11.8
23.4 36.2 11.5
52.5 71.3 20.6
2
38.4 86.1 6.8
39.8 11.7 5.1
3
68.9 42.1 16.9
9.8 56.4 9.1
21.1 86.9 11.8
3
29.6 77.4 5.8
53.7 13.7 13.5
88.0 46.6 6.3
3
58.7 29.4 19.1
19.4 77.0 12.8
60.1 87.9 9.0
2
52.3 76.3 23.1
45.5 40.8 12.8
3
29.3 49.3 24.3
87.5 41.2 11.6
8.1 84.3 7.8
2
83.6 69.4 5.0
28.8 83.4 7.6
2
77.3 70.4 5.6
55.9 75.5 14.2
2
30.1 18.2 8.3
11.5 31.0 6.4
3
44.0 58.3 31.8
6.8 90.5 6.6
87.6 59.3 11.4
2
32.3 11.9 8.5
89.5 89.7 6.0
3
90.2 11.8 8.5
82.9 41.8 5.5
90.7 80.5 8.1
2
50.5 23.8 16.2
31.0 9.1 5.2
2
37.1 31.1 29.9
27.5 84.2 11.6
2
40.0 10.1 10.1
21.9 77.0 13.6
3
33.6 15.7 13.7
37.5 47.0 15.3
74.2 41.5 20.3
3
27.0 22.7 11.2
25.0 61.7 5.5
65.0 34.4 9.4
3
54.3 54.0 8.0
25.2 67.4 9.2
24.2 37.8 17.4
3
81.8 9.4 6.5
87.2 71.0 12.2
20.4 36.9 8.2
3
15.3 12.8 7.0
50.5 34.0 25.4
79.0 65.7 14.3
2
19.4 36.5 8.6
85.8 62.1 5.0
2
85.0 21.5 11.3
8.2 62.8 6.7
3
43.3 82.0 15.3
58.5 17.6 17.3
71.0 50.1 15.9
2
31.2 73.8 25.3
84.1 10.1 5.4
2
20.7 28.9 20.5
74.0 68.1 16.7
2
28.1 79.7 16.6
29.3 29.1 20.0
3
25.6 37.9 10.4
37.9 87.1 12.6
55.0 67.4 8.3
2
27.5 43.8 24.6
50.0 11.4 11.1
2
34.7 43.8 27.5
83.8 74.7 5.7
3
60.0 87.6 11.8
13.5 54.1 5.3
33.0 15.9 7.1
3
60.9 79.6 17.9
72.9 10.0 7.8
35.2 9.7 6.1
3
29.3 19.3 9.6
39.0 55.0 11.3
89.8 80.7 8.4
2
66.8 46.7 7.9
14.8 79.4 6.5
2
22.8 19.1 18.9
9.7 88.9 8.5
2
60.8 15.2 8.8
19.1 36.2 15.9
2
55.4 75.1 21.0
65.2 30.0 12.9
3
22.8 38.0 21.4
8.9 13.0 5.0
17.1 76.6 12.4
2
14.8 69.1 7.9
91.8 76.5 5.3
2
88.0 13.1 10.5
74.4 43.1 6.0
3
24.3 7.0 7.0
82.7 40.2 16.4
59.5 88.6 5.2
2
56.5 16.7 16.3
8.9 69.5 7.8
3
52.0 94.5 5.4
56.7 22.2 10.3
20.5 35.4 9.5
3
49.1 44.2 37.8
7.1 9.6 6.5
87.1 67.6 5.4
2
21.5 49.2 13.7
66.0 61.0 27.2
2
11.5 88.0 5.3
43.8 12.2 8.2
2
34.9 66.8 21.0
81.3 78.8 9.2
3
92.9 64.8 6.9
11.1 80.8 8.4
66.1 75.2 19.9
2
73.4 64.3 10.2
19.4 65.0 16.9
2
91.6 10.6 7.4
48.5 68.6 27.3
3
48.1 17.6 15.6
91.9 17.2 7.7
33.9 37.5 5.3
3
30.9 32.8 25.4
71.8 70.4 23.9
66.1 29.3 5.5
3
76.6 78.3 17.1
63.1 44.8 16.8
40.1 16.8 8.6
2
8.0 89.1 8.0
68.4 51.6 22.4
2
28.3 67.7 22.1
31.9 32.5 9.4
2
51.5 79.2 18.2
66.9 25.5 10.0
2
39.4 27.6 13.4
27.1 68.2 24.3
2
51.3 57.5 30.8
65.0 17.9 6.2
3
34.7 36.1 14.1
25.7 86.8 12.9
94.3 24.4 5.0
2
64.9 18.9 15.7
19.1 40.3 16.5
3
64.3 16.5 10.2
85.8 21.9 8.4
21.3 87.0 12.8
2
25.1 47.8 10.9
12.1 22.8 11.4
3
41.2 90.5 7.4
57.7 35.8 8.1
54.2 6.7 5.2
2
11.2 51.3 11.0
47.2 38.2 21.8
2
65.7 27.1 12.1
93.5 15.0 5.1
2
41.7 8.4 6.7
41.4 63.2 34.1
2
88.2 70.7 5.1
19.4 62.5 17.0
2
20.9 20.2 14.5
82.3 76.5 6.3
2
83.9 87.2 6.2
70.1 69.1 11.3
3
74.9 19.8 15.9
25.5 93.1 5.0
27.2 46.2 5.5
3
62.2 6.9 5.6
34.8 86.5 12.5
27.7 20.1 7.8
3
62.9 47.0 29.5
13.6 82.0 5.6
72.7 8.8 7.9
3
62.7 18.2 8.5
82.5 84.8 12.8
10.5 22.1 9.0
2
8.6 7.4 6.6
28.4 28.8 20.6
3
51.5 71.5 20.1
49.1 29.8 12.6
85.0 59.1 11.2
3
10.6 85.2 6.4
70.3 35.1 16.3
52.8 84.5 5.7
3
50.2 12.1 8.2
29.2 55.5 17.2
7.3 75.9 6.6
3
76.2 71.3 5.1
12.4 8.6 6.9
54.9 33.8 10.4
3
60.2 59.0 13.5
38.0 73.0 5.1
87.1 11.7 8.9
2
34.9 70.9 7.7
69.5 63.9 14.5
3
93.3 6.3 6.3
18.0 36.8 9.9
68.3 39.6 23.6
2
68.3 31.8 16.6
40.9 81.7 5.1
2
52.3 49.2 47.4
92.2 6.8 5.5
3
42.8 50.7 41.8
92.5 25.6 5.4
93.7 75.9 5.8
2
78.9 39.5 18.9
35.6 47.2 23.5
2
61.2 53.6 25.0
27.8 32.2 12.4
3
81.0 49.9 18.4
11.8 23.7 6.1
60.2 12.3 6.7
3
81.7 37.3 17.7
64.2 72.7 17.0
30.0 55.2 16.3
3
19.7 33.6 5.4
69.0 39.3 15.7
35.7 90.2 8.8
3
37.5 66.5 32.6
28.5 13.1 6.6
83.0 81.5 10.7
2
47.1 32.6 5.7
73.0 77.5 15.8
3
90.2 67.2 6.6
46.5 52.8 9.8
73.4 16.7 5.1
3
36.3 7.8 6.9
70.8 73.1 6.1
86.5 28.4 5.7
2
11.8 64.5 6.4
38.2 39.1 6.6
3
21.3 36.4 15.6
74.9 30.7 5.6
44.9 66.0 7.4
3
73.0 62.0 12.9
57.5 33.3 17.2
60.4 85.3 13.3
2
51.8 46.3 32.6
90.3 66.8 8.5
3
75.1 28.8 18.7
55.1 8.4 5.7
78.9 85.2 5.9
3
74.3 27.1 11.2
30.8 34.8 22.4
87.4 51.0 8.0
2
20.2 36.9 8.0
49.4 78.1 18.8
2
50.4 32.2 27.4
30.2 75.4 17.5
2
21.8 85.7 7.7
74.4 68.6 15.8
2
28.2 59.9 28.2
80.0 79.3 9.5
3
69.7 50.9 18.6
47.2 82.4 11.7
89.3 77.7 6.6
2
28.7 67.9 22.2
77.1 22.7 8.2
2
24.3 14.8 7.2
36.3 52.2 31.2
3
33.7 59.1 19.9
75.9 27.7 15.0
20.5 12.0 5.4
2
80.8 44.0 9.0
26.9 63.4 21.1
2
63.9 45.6 33.2
92.7 8.2 7.1
3
51.8 42.1 17.2
16.7 77.0 15.3
77.9 54.6 9.6
2
39.9 91.5 5.5
67.9 45.7 24.8
3
21.7 22.7 21.5
79.7 46.8 16.2
9.3 73.1 6.0
2
32.5 35.0 22.2
44.6 84.0 15.0
2
63.1 66.5 11.7
47.2 86.7 9.4
3
14.0 81.0 12.6
39.9 17.0 15.5
12.2 51.9 9.5
2
58.1 85.0 6.7
77.8 11.5 9.0
2
82.0 25.4 13.1
27.6 83.3 10.7
2
74.8 67.0 22.3
61.7 13.1 8.1
2
6.4 76.2 5.9
13.1 47.8 5.4
3
77.7 79.8 14.8
33.6 37.0 16.6
31.4 65.7 6.5
3
26.1 45.0 16.1
77.5 68.4 20.4
35.7 10.8 7.6
2
75.9 16.4 15.6
29.0 19.2 5.3
3
58.9 43.8 7.1
21.3 8.3 7.4
72.6 14.1 11.9
3
74.7 16.9 12.5
48.5 92.3 7.1
31.6 36.2 25.2
2
89.2 31.1 8.8
46.1 11.0 6.5
2
69.7 12.5 8.8
85.2 80.7 14.5
3
35.5 77.4 20.1
12.8 40.8 11.9
84.5 12.6 8.2
3
27.9 76.4 15.2
92.8 9.8 6.9
35.0 12.6 5.0
3
56.1 84.3 11.4
64.0 60.0 10.5
26.7 62.7 5.1
2
70.8 55.8 24.5
31.8 76.7 8.8
2
73.9 74.5 18.1
25.4 26.4 17.7
2
78.9 30.6 16.4
13.1 32.9 7.3
3
46.0 28.5 18.3
10.9 11.6 6.6
86.9 17.1 8.5
2
59.6 21.9 14.7
21.1 80.9 11.8
3
42.9 91.4 5.7
77.1 26.9 13.9
24.8 46.7 23.6
3
47.2 58.6 33.7
88.3 66.1 5.7
8.6 26.3 6.8
3
50.0 34.3 19.3
10.9 73.5 7.1
25.4 20.2 8.8
2
42.0 36.3 20.7
29.9 87.0 7.9
2
63.0 26.4 11.5
31.2 62.5 22.9
2
13.8 43.7 9.5
79.5 78.3 13.6
3
75.5 15.6 14.5
60.1 79.1 7.9
19.3 78.6 10.8
3
83.1 83.6 14.3
40.1 49.9 17.4
80.7 27.4 12.1
3
34.7 17.1 16.9
14.3 58.9 12.8
78.4 93.0 6.6
2
34.3 78.0 19.1
9.7 35.8 7.9
3
17.8 25.4 17.2
85.2 10.0 9.7
56.2 51.6 19.0
2
64.1 62.1 35.3
17.3 16.2 10.7
3
83.0 66.2 8.0
77.1 18.2 10.7
16.9 21.6 6.0
3
77.9 82.0 11.1
85.5 51.5 9.3
15.8 46.9 15.7
2
20.9 60.3 7.9
47.9 78.2 15.1
3
15.3 46.4 15.2
14.4 77.0 13.9
74.1 76.2 16.4
2
77.1 66.0 14.3
28.5 54.6 11.2
2
49.1 32.9 15.8
17.9 77.0 8.8
3
17.9 50.8 14.2
72.1 23.4 12.5
37.0 37.3 7.8
2
13.5 66.0 6.6
86.9 78.7 7.0
2
87.9 30.4 5.0
63.5 73.1 26.9
3
44.5 66.9 22.4
37.6 22.9 19.3
85.6 48.4 7.2
3
57.1 40.4 6.4
76.2 51.4 6.4
81.3 83.6 8.0
2
61.3 85.1 9.4
30.6 45.8 21.4
3
6.5 14.8 6.1
74.4 69.4 19.9
27.8 79.5 19.3
3
41.9 53.5 27.6
73.1 85.7 13.6
91.7 64.1 7.3
3
20.6 56.8 7.8
58.9 71.3 18.3
59.7 12.9 7.8
2
13.7 47.7 11.6
88.9 15.6 5.1
3
75.4 91.0 5.9
35.0 80.9 18.8
78.2 69.7 10.0
2
62.4 54.3 37.3
15.6 51.5 9.4
2
39.3 72.7 13.0
82.4 61.7 14.4
2
48.6 37.0 20.9
86.3 58.7 11.2
3
51.7 70.4 19.8
18.9 44.3 5.7
14.8 17.7 13.4
2
23.3 73.5 5.3
75.7 86.5 5.5
3
9.1 17.1 8.5
89.1 54.0 8.8
9.6 73.7 8.6
2
41.3 14.0 10.0
39.0 51.6 25.3
3
70.2 7.3 6.1
11.2 27.4 6.2
32.7 72.4 13.1
2
38.3 40.1 23.3
35.7 88.8 9.6
3
85.4 8.5 5.1
61.8 17.1 7.5
41.9 69.1 30.0
2
67.5 55.5 23.9
32.8 20.1 11.0
2
58.9 33.8 29.3
28.8 71.7 6.3
3
49.8 26.9 22.3
12.6 26.7 6.3
45.0 69.9 18.3
3
46.6 28.5 21.5
43.7 65.0 11.8
73.1 76.7 13.2
2
9.6 59.7 6.4
41.0 89.0 6.0
2
51.5 67.4 23.5
40.8 7.2 6.0
2
73.0 42.0 12.8
12.0 85.4 5.8
3
14.2 37.7 12.3
75.8 78.4 16.2
77.0 47.0 14.3
2
28.8 36.6 20.2
60.1 51.2 14.0
3
67.7 36.1 24.1
18.5 58.9 10.1
59.4 90.1 6.9
2
59.9 43.9 6.9
6.2 42.4 5.9
2
26.6 24.6 6.7
9.2 70.2 5.8
2
44.2 80.6 11.5
40.9 34.2 17.5
2
77.5 49.1 20.4
74.3 87.4 11.9
3
43.3 51.7 18.1
44.2 90.6 5.2
74.6 75.0 14.4
2
25.6 78.6 19.9
62.4 69.8 13.9
2
34.3 69.3 18.8
82.0 75.7 11.0
2
28.1 50.0 23.1
29.3 84.2 10.9
2
89.2 11.6 8.9
66.2 52.2 13.2
3
55.1 80.8 16.6
73.9 16.5 8.7
23.8 20.9 13.7
3
64.1 30.7 25.0
56.7 84.5 11.5
28.4 55.0 16.8
2
27.5 31.0 5.9
45.8 80.3 12.2
2
28.0 54.8 14.0
60.0 67.4 6.7
2
46.8 39.9 30.8
82.2 89.0 6.6
2
47.4 30.8 15.2
80.4 52.4 8.8
2
83.0 50.1 9.5
91.8 83.0 5.4
3
41.8 43.5 12.8
43.8 90.2 6.8
82.6 23.8 14.6
3
14.1 41.8 13.2
60.5 16.0 12.0
34.4 74.7 8.4
2
17.0 17.6 14.3
27.4 66.5 7.0
3
28.8 54.6 7.7
63.7 40.4 22.1
7.1 67.5 6.4
2
83.5 45.4 15.9
59.4 58.8 9.6
2
88.8 84.8 8.9
38.0 50.1 6.3
2
33.6 28.7 20.3
77.6 28.5 19.2
3
81.0 21.5 13.7
82.4 60.8 12.8
53.9 9.2 8.4
2
32.4 47.9 30.8
76.6 16.5 11.0
2
34.1 72.7 14.7
76.8 91.1 5.1
3
7.5 61.5 7.1
56.9 56.4 11.1
20.5 85.9 9.0
2
51.7 11.2 6.4
45.0 73.0 10.6
3
13.5 13.4 12.5
22.7 79.6 7.2
59.6 43.7 7.1
3
71.2 40.6 25.8
54.7 86.5 7.8
21.0 83.3 13.1
2
28.4 11.1 7.6
58.5 26.0 8.0
2
32.0 42.5 10.2
34.0 73.3 11.1
2
83.9 10.5 5.5
29.1 23.3 5.6
2
45.8 57.3 8.0
25.9 86.9 5.7
3
25.7 57.5 6.5
21.3 35.0 11.4
37.3 82.7 10.8
2
39.6 50.6 24.1
35.1 82.6 5.0
3
54.2 17.4 11.8
42.4 83.7 7.2
8.7 93.3 6.6
2
35.2 79.3 17.4
43.9 46.8 11.3
3
66.8 53.4 8.3
90.8 59.1 7.8
21.6 36.7 10.1
2
90.6 24.1 7.3
49.7 67.5 24.5
2
40.0 49.2 12.9
88.1 66.1 6.0
2
67.6 71.1 14.5
15.8 61.9 7.8
2
70.4 18.6 16.6
25.0 21.8 11.3
2
21.2 31.6 6.6
56.1 13.6 11.3
2
58.8 67.8 9.8
85.0 44.6 12.0
2
20.5 26.4 12.7
46.3 86.8 11.8
2
87.3 78.9 11.8
39.4 11.1 7.7
2
58.0 9.9 5.7
79.6 23.3 19.2
3
63.2 59.7 15.8
32.5 85.0 14.4
26.3 41.4 20.3
2
15.3 83.0 13.6
20.5 22.3 10.7
2
33.4 77.6 17.8
70.5 40.2 6.5
2
70.7 46.1 24.8
87.5 90.0 7.6
2
78.9 7.5 6.7
9.6 56.9 7.7
3
75.6 85.8 11.0
8.8 56.0 5.3
48.8 84.6 13.4
3
46.3 53.9 17.5
78.0 51.1 12.6
89.2 81.8 10.3
2
86.7 42.3 11.6
73.3 71.8 20.7
3
56.1 78.3 18.0
83.2 35.5 11.8
7.3 18.7 6.8
3
42.5 67.5 13.0
15.6 21.5 6.7
20.0 48.5 8.4
3
86.0 22.0 5.7
92.8 46.3 5.5
39.8 89.3 9.5
2
60.4 47.7 7.6
49.6 79.5 11.7
3
12.1 17.7 8.2
73.2 39.7 23.0
14.4 53.7 12.7
2
49.5 87.1 8.4
22.9 63.9 16.8
3
55.8 71.9 24.3
41.6 12.7 5.1
87.4 10.1 7.1
2
78.6 22.9 10.6
68.8 85.9 13.8
2
45.6 85.4 7.6
76.5 61.0 20.5
3
67.5 41.8 20.7
28.2 48.0 16.6
77.0 81.7 12.2
2
29.6 69.2 24.3
78.7 14.4 6.4
3
34.4 27.6 7.5
87.7 23.2 11.5
63.3 64.3 12.6
2
68.1 28.1 20.3
38.3 70.4 11.6
3
47.1 58.6 28.8
44.0 10.9 6.2
11.4 43.8 8.3
2
41.6 43.2 22.2
13.9 67.8 7.9
2
37.0 13.0 5.0
57.9 76.2 10.7
3
49.1 27.5 27.2
9.8 71.4 8.1
65.3 83.5 8.0
2
61.7 14.7 9.8
38.4 62.4 35.4
3
87.9 54.5 7.8
19.3 87.3 5.3
21.2 21.4 5.0
3
35.9 56.2 10.5
39.5 81.0 11.5
76.2 78.9 10.4
3
49.4 71.0 19.1
66.6 32.2 12.2
85.3 76.6 12.2
3
40.6 51.7 9.4
22.0 23.2 15.4
33.3 89.1 8.8
2
56.9 40.3 36.1
10.5 9.6 6.4
2
48.2 88.3 7.9
53.6 54.6 9.5
3
75.7 89.3 5.0
89.3 63.0 6.2
23.5 44.7 11.6
3
19.4 86.3 11.0
76.8 19.2 13.9
47.2 29.5 15.1
2
13.5 69.7 9.0
64.5 26.8 5.9
2
51.3 49.2 38.5
34.9 6.4 6.1
3
27.0 63.5 7.7
42.8 85.3 11.3
26.0 5.6 5.2
3
41.9 42.4 29.2
73.4 86.9 12.8
18.7 80.2 13.6
3
44.1 36.4 17.6
12.9 18.3 7.5
81.2 69.3 6.4
3
40.2 53.8 29.5
67.9 87.8 9.9
89.7 28.0 7.7
3
86.1 62.3 7.0
9.7 40.6 9.2
40.5 28.7 22.2
3
14.7 80.7 5.3
48.6 13.1 8.3
85.2 81.3 9.8
2
56.4 12.4 8.8
45.8 73.3 26.6
2
10.9 83.7 7.2
70.5 34.4 5.4
3
27.9 32.1 12.8
22.8 83.8 6.2
75.5 69.7 18.0
2
64.9 77.3 5.4
17.6 44.9 11.8
3
63.7 37.6 6.5
58.9 51.0 7.6
43.6 22.5 14.1
3
55.4 11.9 6.6
42.5 69.0 10.9
92.2 21.9 5.3
2
20.1 69.4 6.5
58.5 20.6 8.4
3
83.4 77.8 12.5
83.5 47.6 5.1
25.8 55.9 11.7
3
14.3 76.8 8.3
72.2 83.5 10.7
58.0 26.2 9.3
2
28.8 28.4 26.8
22.4 73.3 15.8
2
54.6 47.9 13.8
67.5 19.4 6.1
3
49.1 82.0 8.2
12.5 54.3 10.5
27.0 77.0 5.8
3
81.3 56.4 15.8
11.4 15.8 6.1
35.6 20.0 6.5
3
77.0 30.8 5.6
31.1 83.2 10.9
69.0 13.4 11.1
2
8.9 87.9 8.3
38.3 93.3 5.9
2
71.2 56.5 9.1
52.7 39.7 8.1
3
16.9 28.0 13.6
10.4 88.2 8.4
61.7 51.4 7.5
3
27.8 6.4 5.7
48.9 65.3 9.6
19.3 84.7 14.4
2
10.4 39.3 9.1
77.4 32.3 12.0
3
73.2 32.0 10.7
28.3 21.7 13.1
90.5 59.4 6.1
3
16.6 48.4 6.1
32.0 77.0 13.3
64.8 85.2 9.4
2
35.4 13.7 5.4
18.9 30.4 14.5
2
7.4 9.9 6.2
13.8 63.6 7.2
3
79.4 89.1 6.5
41.1 57.3 5.0
7.3 44.1 5.9
2
81.1 76.7 18.2
57.4 32.0 6.2
2
67.5 71.7 14.2
32.3 33.5 26.6
3
38.0 24.6 16.6
80.8 44.8 17.9
74.1 77.9 9.2
3
76.6 29.9 21.5
67.7 85.8 9.7
35.4 45.2 19.5
2
79.9 84.7 7.9
78.5 21.0 18.4
3
37.6 46.7 18.7
47.0 10.9 10.3
81.8 71.5 5.1
3
40.3 72.3 8.2
33.2 21.9 9.6
12.2 40.7 7.6
2
68.5 47.9 14.3
20.2 24.6 15.8
2
73.9 65.1 19.6
48.5 93.1 5.2
2
45.4 84.9 6.7
37.4 35.4 32.1
3
63.3 38.5 32.6
42.1 83.2 5.9
13.7 65.3 10.2
3
79.8 70.6 9.2
34.9 18.4 8.4
52.8 67.3 8.9
2
31.0 33.7 8.2
64.4 7.4 5.7
2
31.7 60.3 9.4
14.3 29.4 8.9
2
70.6 44.7 13.0
87.0 25.2 6.4
2
24.8 48.2 17.7
63.3 85.7 8.9
3
49.6 77.7 12.1
40.3 24.7 5.7
76.2 50.4 13.9
3
30.0 70.6 19.7
13.3 25.3 12.6
74.5 40.8 22.0
2
60.5 35.9 26.2
12.8 36.0 12.1
3
74.1 43.9 11.2
18.0 80.3 6.8
91.7 12.9 6.1
2
36.2 88.0 9.5
33.6 32.7 12.7
3
52.2 66.3 9.7
44.2 8.5 6.1
17.7 30.9 10.9
3
86.1 53.4 12.1
57.0 23.6 17.3
25.8 46.9 15.8
3
10.5 42.6 5.0
68.8 60.0 7.0
73.2 39.8 5.9
3
74.1 7.3 6.8
70.7 69.1 21.1
30.3 30.9 9.8
3
27.9 42.0 18.4
79.2 32.4 14.9
10.6 62.5 7.4
2
35.0 28.6 11.3
64.3 72.5 8.5
3
73.4 57.2 10.4
17.7 90.0 6.6
21.2 65.8 7.6
3
79.0 61.2 12.6
20.9 79.5 11.0
52.5 76.8 11.9
2
31.6 27.8 10.3
33.1 65.6 6.0
3
75.6 66.3 19.8
35.0 68.6 5.8
31.9 7.5 6.2
2
46.2 25.1 22.9
31.3 91.4 5.9
3
41.8 72.4 26.7
18.3 36.9 14.5
74.6 33.4 23.1
2
48.4 25.2 21.1
16.9 15.4 6.5
2
20.9 49.4 10.3
10.9 76.2 9.5
3
77.2 58.7 6.9
58.0 30.0 11.5
32.7 51.8 11.4
2
18.9 26.6 12.6
53.1 82.4 15.3
2
85.0 32.2 14.6
69.0 84.4 14.3
2
57.2 20.8 8.7
61.5 60.0 24.6
3
54.2 33.3 6.8
9.6 46.1 5.0
29.6 73.1 26.4
2
21.5 27.5 19.7
47.7 75.8 18.3
2
75.5 54.9 13.9
36.3 91.5 7.5
2
91.9 81.9 7.6
8.3 75.2 6.4
2
10.6 77.4 8.2
75.2 61.2 22.1
2
42.4 62.5 28.3
78.4 12.0 11.7
3
47.6 72.3 6.0
65.3 33.2 5.4
20.7 9.0 6.0
2
68.9 69.9 24.9
16.4 51.6 6.0
3
28.8 13.1 6.1
50.2 13.0 10.3
50.5 67.1 11.8
2
46.7 62.0 30.3
13.2 32.6 7.6
3
17.0 67.4 10.6
38.3 37.1 12.4
12.6 12.3 9.8
2
39.4 72.9 11.3
66.1 38.3 28.8
2
36.7 34.2 14.9
44.7 94.1 5.1
3
75.9 43.7 12.3
17.4 44.9 10.8
88.4 72.1 6.7
3
25.8 26.2 10.7
50.5 61.0 11.0
78.0 57.8 9.5
3
80.6 50.8 14.6
20.8 14.3 7.8
87.6 82.7 7.9
2
17.0 42.3 10.0
56.3 53.0 20.5
2
79.5 21.7 16.9
64.6 65.0 10.8
2
43.1 67.1 31.9
47.6 5.7 5.4
2
31.4 48.0 16.1
73.4 16.2 13.2
3
76.8 25.7 18.6
8.5 58.2 7.1
32.2 81.3 18.6
2
69.0 25.8 6.1
38.4 19.4 12.3
3
92.2 38.4 7.7
90.3 69.7 9.6
19.7 48.3 8.8
3
81.0 29.0 17.6
45.7 48.0 11.4
9.5 62.6 7.2
2
41.0 31.1 20.5
68.8 77.0 7.8
3
36.4 21.0 10.5
12.2 68.9 11.5
62.4 14.9 8.6
2
28.7 57.5 6.9
29.1 76.6 10.4
3
68.2 49.3 8.2
39.4 36.8 6.2
71.0 17.0 6.3
2
47.1 17.7 13.4
69.0 20.2 7.8
2
26.6 62.4 22.6
83.2 43.0 12.7
3
83.6 23.5 13.0
17.6 82.0 11.6
72.7 58.5 13.6
2
13.3 48.1 12.9
63.3 58.2 20.4
3
32.8 42.8 12.2
65.3 83.9 12.3
83.9 15.5 7.9
2
68.7 36.6 16.8
82.4 64.8 11.2
3
78.6 88.7 9.8
37.5 56.2 25.2
69.8 17.7 8.1
2
74.1 73.2 11.7
41.5 69.1 14.1
2
21.0 25.7 17.7
20.8 73.3 18.8
3
46.7 15.7 10.9
23.8 11.6 9.0
52.4 87.4 7.4
3
43.5 5.7 5.1
72.4 59.6 24.7
39.2 77.4 12.3
3
60.3 38.1 5.2
20.0 32.8 6.3
81.9 66.1 14.7
2
45.5 65.6 20.9
75.0 58.3 9.0
2
21.6 10.8 9.9
76.4 58.5 19.7
2
68.5 62.0 24.1
88.8 35.4 8.4
3
60.8 57.7 27.5
44.1 11.0 5.7
17.9 58.7 10.4
2
16.5 11.6 11.1
14.6 63.9 10.0
3
18.1 39.1 14.5
69.3 67.7 16.1
39.2 76.6 10.0
3
21.6 82.4 14.3
26.0 54.0 7.9
62.0 32.1 28.6
3
47.8 20.8 13.0
67.3 81.4 13.6
13.0 30.3 10.8
2
15.7 87.6 7.3
43.4 9.4 6.9
3
5.3 56.8 5.2
12.6 90.6 9.3
32.5 34.9 9.6
2
31.4 50.7 20.7
83.9 18.5 15.4
2
78.2 23.5 15.3
28.4 66.7 8.4
3
34.7 41.3 12.1
59.2 14.3 13.7
19.1 92.0 5.6
3
55.7 86.8 6.4
25.7 32.6 24.7
89.9 47.1 8.5
3
83.9 41.6 6.5
83.9 60.3 7.0
36.3 51.2 28.8
2
29.9 15.4 8.6
18.0 58.4 14.0
3
88.7 41.2 8.7
19.1 63.6 9.6
24.2 16.4 8.4
3
58.8 50.8 29.3
9.7 88.5 8.1
45.3 85.5 6.1
2
51.3 26.2 15.7
22.1 46.3 19.1
2
74.8 20.6 15.2
37.9 63.5 25.3
3
35.2 34.3 34.0
82.0 79.1 7.5
15.8 89.0 6.4
2
11.4 14.1 10.5
73.2 49.8 26.0
3
59.9 19.0 6.7
31.0 31.6 22.3
77.7 49.9 17.0
2
57.5 64.3 22.9
5.9 36.7 5.6
2
25.6 76.0 19.3
12.0 49.3 5.8
3
65.9 81.5 13.3
78.6 53.1 8.8
45.5 13.6 13.0
3
23.2 51.8 6.6
20.8 13.2 11.7
44.0 62.1 14.3
2
67.3 19.8 6.0
78.4 90.7 5.9
2
8.5 17.6 7.8
82.9 52.7 9.3
3
42.2 50.4 34.7
88.0 51.4 5.9
15.1 11.3 6.7
3
48.6 73.7 12.1
26.3 25.4 8.2
87.1 77.4 5.8
3
78.1 7.1 5.7
88.1 90.9 5.9
15.4 31.6 14.7
3
25.6 19.6 13.3
48.8 81.1 7.0
77.4 27.8 13.6
2
86.0 67.0 9.5
43.9 28.7 8.6
3
60.9 80.3 16.7
45.2 6.8 6.6
71.1 41.6 12.5
3
54.7 16.5 10.0
24.1 91.1 8.2
16.8 38.9 16.7
3
75.4 12.0 10.6
33.6 12.3 5.3
65.8 77.8 18.7
2
89.1 41.7 5.1
33.1 70.7 19.1
2
71.3 87.2 7.9
51.3 38.2 33.1
2
28.1 20.0 6.0
81.5 9.4 6.6
2
65.2 56.8 32.1
20.1 10.4 8.5
2
16.9 23.4 15.1
43.9 8.1 6.2
3
62.8 72.2 11.0
63.0 17.4 9.3
69.9 47.9 8.1
2
68.8 33.3 5.6
40.7 14.6 6.6
2
29.3 9.0 8.6
53.6 79.4 6.9
3
44.4 87.3 10.6
46.8 29.9 22.2
14.5 22.1 8.7
2
25.9 73.7 25.2
41.1 14.3 13.9
2
24.4 76.4 22.2
34.5 23.9 6.7
3
70.6 28.5 12.9
12.5 57.3 5.9
82.1 77.2 6.7
3
29.4 20.6 11.1
5.3 58.2 5.2
63.9 18.7 8.4
3
83.7 60.2 6.1
76.4 18.0 7.1
29.7 45.5 18.8
3
69.4 84.8 8.7
24.8 75.9 8.9
85.6 26.0 6.6
2
76.8 24.1 7.3
30.8 33.1 29.6
3
62.7 40.0 7.9
14.3 84.0 10.2
56.2 73.4 13.9
2
77.9 71.6 6.9
30.0 42.2 24.1
3
77.2 91.9 7.2
77.7 40.9 20.3
40.7 78.1 14.4
3
17.8 62.5 9.5
47.8 27.8 11.2
84.2 49.2 6.7
2
83.9 24.4 10.9
59.9 37.5 10.3
2
63.2 79.5 14.9
16.3 40.3 6.6
2
71.2 52.7 22.5
22.1 40.0 17.3
2
33.9 53.2 16.3
68.4 70.0 12.5
3
35.6 66.9 7.0
69.9 72.2 5.3
76.3 18.5 7.1
3
7.9 8.5 7.4
72.3 27.5 22.5
80.0 85.7 9.9
2
61.0 23.4 10.9
94.0 9.2 5.6
3
23.1 18.7 14.1
67.9 39.0 21.5
26.5 46.5 12.2
3
19.2 15.3 6.4
36.7 18.2 9.7
49.5 48.3 7.3
3
20.0 27.8 8.3
45.8 75.0 6.8
31.6 10.5 6.0
3
29.7 55.0 24.5
77.9 27.6 5.4
43.4 14.6 6.4
2
43.7 33.7 12.2
76.1 17.8 16.7
2
52.7 13.9 11.0
7.2 54.1 5.6
2
80.4 88.6 6.9
36.7 60.1 20.9
2
71.3 31.3 18.8
18.8 24.5 14.3
3
50.4 64.3 18.5
18.1 60.0 8.0
31.7 89.3 9.9
2
26.4 21.3 14.0
18.7 79.9 14.5
2
36.4 22.9 18.2
41.3 80.3 17.3
2
65.4 17.5 13.7
37.3 70.9 6.3
3
34.7 18.9 15.3
87.7 87.6 9.4
38.5 84.4 12.6
3
68.3 29.7 16.3
28.7 24.1 21.1
82.4 9.3 7.0
3
57.8 71.0 15.4
26.6 30.2 25.7
20.3 82.9 11.5
3
83.0 33.0 5.1
32.9 86.5 6.4
60.6 85.7 9.1
3
20.0 25.5 7.3
78.5 55.0 9.5
58.0 58.1 5.1
2
89.7 21.0 7.2
68.3 60.7 5.2
2
80.0 39.1 10.8
10.1 44.4 7.5
3
66.8 70.5 22.2
40.8 25.8 9.4
89.4 12.4 10.2
2
30.5 76.9 17.6
74.3 28.1 23.0
3
21.8 55.7 7.6
42.0 33.1 11.1
8.6 39.4 8.3
3
11.7 77.6 10.3
65.3 48.2 12.9
42.4 15.2 10.3
3
15.1 29.6 14.8
69.3 12.4 7.7
81.3 42.7 9.7
2
55.9 38.1 25.4
18.3 37.0 8.5
2
55.8 69.3 21.3
87.5 62.6 9.6
3
39.4 78.2 9.0
34.9 46.4 8.1
93.4 67.8 6.0
2
40.7 68.9 11.4
85.9 45.4 8.0
3
46.8 47.2 32.9
69.0 89.0 10.3
93.8 30.5 5.0
2
37.2 42.4 22.7
88.1 64.6 8.8
2
45.6 75.8 23.3
17.2 92.0 5.8
2
13.1 16.6 8.3
94.1 81.8 5.9
3
27.2 32.7 8.7
54.8 70.0 6.1
81.2 17.6 10.6
2
67.3 45.1 15.0
29.9 43.9 13.1
2
49.6 23.1 18.8
17.6 25.1 12.5
2
64.4 58.2 22.5
82.3 19.0 5.9
3
34.2 89.7 7.2
71.4 81.3 8.1
23.0 28.8 6.1
2
42.6 89.5 8.6
24.1 59.2 23.2
3
20.3 23.9 14.7
60.5 23.4 23.0
79.6 78.2 15.6
3
13.3 56.0 9.1
81.9 47.6 11.4
22.4 12.3 6.1
2
60.4 17.1 5.8
25.9 68.2 11.7
2
20.5 22.4 16.4
58.7 39.5 16.0
2
81.5 59.6 9.0
64.8 40.7 10.8
2
85.5 65.5 10.4
52.2 83.8 15.8
2
58.5 30.8 7.5
7.4 76.2 7.4
3
85.4 89.8 6.5
83.9 60.9 9.5
92.6 35.3 5.2
2
69.4 20.3 19.5
70.4 53.2 10.7
2
56.0 20.0 6.7
39.4 76.9 11.7
2
89.2 63.5 7.6
85.8 86.2 9.1
3
52.5 23.5 12.7
87.4 10.8 6.1
29.4 70.8 18.8
2
18.9 63.4 16.7
92.9 27.4 5.2
2
38.7 61.4 30.4
76.7 82.6 9.7
3
57.6 48.5 24.7
30.3 79.6 5.2
20.7 25.3 7.8
3
51.5 71.0 6.5
24.0 28.5 10.4
92.7 32.2 5.8
2
83.6 16.6 10.9
50.0 65.5 31.0
2
80.5 15.2 8.5
67.2 88.9 10.1
2
32.0 61.7 16.1
58.8 23.4 18.6
3
85.0 45.9 14.1
29.7 11.4 7.8
17.7 83.6 11.5
3
44.4 26.8 6.3
38.7 48.3 13.9
81.5 31.9 16.0
3
30.8 60.0 26.3
76.4 52.3 15.8
17.7 20.0 13.7
2
33.0 91.4 6.7
25.1 42.0 23.8
3
13.0 30.1 7.4
61.0 63.5 12.5
37.7 90.6 7.9
2
41.8 55.1 38.2
89.9 51.4 7.0
3
27.9 85.2 13.9
84.2 13.8 9.0
19.5 23.5 11.2
2
86.5 28.1 5.4
6.8 12.0 5.5
3
76.8 7.5 7.1
5.7 94.2 5.6
81.9 22.4 8.3
2
33.9 66.6 10.2
49.4 10.0 6.8
2
79.3 62.0 12.9
27.6 18.9 10.5
3
71.1 37.5 8.6
70.2 66.2 15.6
29.4 84.1 5.4
3
57.1 24.3 11.0
81.3 86.8 11.4
32.7 69.5 8.0
2
14.8 52.0 5.5
83.3 48.3 12.7
3
83.1 13.4 10.1
73.6 34.2 12.7
60.5 50.4 6.1
2
68.1 20.3 11.9
90.0 36.6 6.3
2
49.7 78.1 13.9
81.3 80.3 16.1
3
73.0 36.1 13.3
20.3 18.2 7.5
91.1 47.5 5.7
3
31.5 78.1 5.1
51.0 31.8 20.2
71.6 85.9 10.1
2
25.4 28.0 6.8
35.9 76.7 20.1
2
44.1 72.0 19.9
81.5 71.2 16.1
3
72.3 16.3 10.5
84.0 56.5 6.9
43.5 73.9 6.0
3
28.3 83.0 11.1
30.6 59.0 7.7
39.8 40.7 9.8
2
36.2 48.9 9.2
28.0 12.0 6.0
3
87.4 17.4 6.2
21.8 42.3 18.1
43.4 90.3 7.7
2
40.1 90.7 8.9
63.2 83.3 9.8
3
70.8 20.7 12.9
84.8 48.1 13.5
24.4 71.9 9.5
3
80.2 5.5 5.3
94.1 14.1 5.9
47.3 13.3 12.6
3
48.6 75.3 19.6
80.1 15.6 12.9
22.7 16.0 15.3
3
59.8 52.9 7.6
82.8 19.5 16.6
40.3 20.9 5.4
2
31.9 34.2 13.6
84.0 45.4 6.7
3
21.8 60.6 12.6
30.2 25.2 7.4
87.4 23.6 8.7
3
56.5 38.1 26.6
12.0 31.6 6.0
79.3 73.9 11.0
2
8.3 41.6 8.1
25.1 82.0 13.5
3
63.2 61.0 29.1
14.3 71.7 7.8
8.7 19.9 7.1
3
26.6 93.1 6.5
67.2 55.7 24.7
21.0 60.2 6.2
2
9.2 15.8 8.6
19.7 59.6 10.5
3
22.6 10.4 6.9
25.7 67.3 19.4
64.1 13.9 10.6
3
24.0 54.4 18.8
76.7 60.0 16.1
66.9 8.1 6.9
2
51.3 91.5 6.5
66.2 85.2 6.7
3
42.3 49.2 16.9
64.0 83.1 6.7
16.4 82.8 8.0
3
7.0 22.0 6.3
76.6 31.4 9.9
14.5 63.3 11.9
3
82.0 8.6 6.3
78.5 76.3 21.2
48.0 88.3 5.7
3
41.5 38.6 33.4
29.2 86.5 10.8
88.2 7.5 5.1
2
66.2 45.1 5.1
9.5 12.5 7.5
2
23.5 60.5 10.1
31.7 84.0 13.3
3
25.7 86.8 10.4
63.2 57.4 21.2
22.2 61.5 10.1
2
22.2 27.2 17.2
34.2 70.0 11.5
3
10.1 60.4 5.4
67.4 81.6 12.3
38.8 92.8 5.7
3
52.3 34.8 17.2
28.1 69.4 19.7
92.1 45.5 7.1
2
52.4 72.8 19.1
81.5 89.7 5.0
2
14.2 85.3 13.0
19.6 10.7 5.8
2
81.8 61.9 15.9
49.5 27.7 17.0
3
62.2 61.6 32.9
30.1 33.6 9.6
14.3 55.6 13.3
2
78.3 41.4 21.3
44.8 94.6 5.0
2
33.7 34.7 28.7
83.6 79.3 8.9
2
37.1 51.3 14.3
57.8 92.1 5.6
3
31.5 60.3 31.2
14.4 9.2 8.5
5.6 29.4 5.2
3
31.6 61.5 16.0
93.1 76.1 6.5
29.9 23.4 18.0
2
15.3 70.4 12.1
43.6 19.7 15.8
3
34.6 64.6 34.5
70.4 16.5 15.6
87.5 86.1 9.9
3
50.8 39.0 15.9
17.1 33.5 14.7
80.5 93.5 5.6
3
34.7 63.8 29.7
65.6 89.6 6.9
78.1 48.4 14.8
3
52.6 85.6 6.5
76.9 13.2 8.6
52.6 38.3 25.9
2
37.1 80.5 19.5
65.6 52.1 16.8
3
90.4 64.7 7.1
61.8 54.1 16.4
12.9 37.4 6.2
2
75.3 48.6 16.8
34.9 84.5 14.6
3
79.2 36.9 13.7
78.4 8.4 7.4
77.4 80.6 13.9
3
57.6 64.9 12.7
60.2 27.3 7.6
36.0 27.5 15.5
3
59.5 17.6 16.0
17.0 10.2 6.0
54.6 87.0 11.0
2
6.1 35.5 5.2
26.6 16.4 9.0
3
5.9 32.5 5.7
56.6 67.9 14.7
11.5 48.5 11.1
2
31.8 51.3 11.8
75.7 56.9 12.7
2
60.6 56.6 18.5
15.0 75.8 5.6
3
79.4 26.9 12.8
67.8 68.9 28.6
31.8 41.8 9.0
2
32.7 33.2 24.5
24.4 71.4 11.3
3
13.1 89.1 8.1
67.2 49.8 19.0
62.0 83.1 8.7
3
22.9 70.2 5.3
68.6 61.9 23.9
9.8 18.1 6.6
2
65.6 86.9 12.3
16.0 52.9 11.3
3
47.1 47.9 27.5
46.8 87.6 12.0
15.5 77.1 11.7
2
34.9 58.7 27.4
89.2 92.9 6.2
2
50.4 54.2 37.9
75.3 10.3 5.2
2
22.1 81.1 12.7
60.9 75.6 18.3
2
33.9 61.7 29.1
67.8 19.8 8.8
2
88.0 79.7 8.9
92.7 17.0 5.2
2
74.8 54.8 21.7
87.4 12.2 6.9
3
42.2 49.8 6.4
20.1 19.3 16.1
29.1 90.3 6.3
3
40.2 25.8 6.0
54.7 65.1 31.2
50.3 7.4 7.4
3
48.1 73.5 17.5
75.0 19.7 9.6
89.9 66.0 6.9
3
62.4 44.1 14.3
13.1 82.6 11.6
43.1 93.7 5.6
2
76.5 75.7 7.4
52.1 33.5 28.7
3
11.6 26.6 5.2
93.5 15.5 5.5
73.1 60.5 6.9
3
35.8 20.7 18.2
14.3 59.1 10.7
77.3 29.1 5.3
3
83.5 44.0 7.5
62.4 48.4 10.1
22.0 70.0 21.0
2
9.0 73.2 6.2
22.2 14.1 10.9
3
51.1 79.6 18.6
18.2 59.7 9.1
74.8 56.0 12.9
2
83.5 43.9 9.8
50.3 49.8 23.7
2
82.9 34.9 8.8
16.1 48.1 12.4
3
71.3 70.1 6.3
8.9 68.3 8.0
87.9 36.8 6.5
3
61.2 63.3 29.2
74.9 14.5 7.0
63.1 5.4 5.0
3
40.0 39.6 24.2
80.3 33.0 9.6
84.9 83.0 5.3
3
41.9 54.3 18.2
91.3 11.0 6.4
75.4 19.7 6.4
2
21.0 17.5 9.0
7.2 88.0 7.2
2
11.9 73.3 7.4
65.3 21.4 12.6
2
38.8 25.0 8.2
80.6 20.1 11.1
2
49.6 49.4 17.9
39.0 79.0 10.8
3
79.2 89.9 5.1
63.2 48.3 30.6
7.6 51.9 6.8
2
67.4 22.6 6.3
70.5 8.4 7.0
3
48.6 21.2 20.2
77.4 13.5 8.1
86.8 31.8 5.2
3
49.9 58.8 24.7
90.3 80.9 6.1
15.7 85.3 5.9
2
26.0 15.2 12.3
79.0 60.3 9.6
3
16.5 92.1 6.3
24.0 38.8 7.4
59.5 31.2 15.7
3
86.4 33.1 13.0
70.6 16.6 7.1
60.4 86.5 8.7
2
13.2 40.3 6.0
64.1 61.4 9.1
2
49.4 63.5 7.1
22.7 13.6 6.3
2
62.4 50.8 23.1
14.0 56.8 12.4
2
65.5 65.4 15.0
73.3 26.1 7.4
2
11.6 19.4 9.9
58.8 48.5 30.0
2
6.7 53.3 6.2
88.3 70.6 8.7
3
23.7 69.1 14.2
36.4 25.0 10.8
92.4 69.4 7.4
3
42.6 17.9 13.2
7.6 16.4 6.2
44.7 76.8 6.0
3
40.1 57.0 15.7
32.4 83.9 9.3
70.6 25.3 23.2
3
24.5 91.2 6.2
38.0 25.1 23.5
56.4 80.8 14.4
3
27.6 15.9 15.7
57.7 61.5 10.9
81.2 19.8 12.6
2
72.8 56.5 26.8
30.7 24.3 14.6
3
65.8 28.1 20.5
12.0 18.7 11.0
31.1 57.7 13.2
2
56.0 30.8 6.0
73.6 85.5 9.0
2
51.2 44.4 32.5
93.6 86.3 5.4
3
47.9 69.4 20.4
80.1 62.9 8.5
26.5 23.5 13.9
3
25.2 50.0 6.4
82.6 59.1 8.3
35.6 16.9 6.6
3
46.6 42.0 17.1
24.9 77.8 12.2
59.8 85.1 13.1
3
66.5 13.1 12.0
30.7 34.9 14.0
39.5 15.8 6.5
2
42.4 18.4 18.0
68.8 22.8 7.2
2
24.8 54.6 13.4
55.0 81.8 11.8
2
38.1 54.1 12.3
86.2 15.0 10.8
2
76.2 76.9 19.7
9.4 88.9 8.1
3
48.9 26.2 16.3
12.1 10.5 8.9
46.9 69.6 25.8
3
76.1 52.4 13.3
9.3 93.9 5.2
31.2 71.1 25.1
3
44.9 35.0 19.7
24.2 86.2 6.9
57.8 69.0 5.9
2
58.0 54.2 21.9
18.8 72.1 9.0
2
9.9 54.8 5.8
78.1 37.7 15.3
2
61.5 30.2 18.9
46.4 83.1 5.9
3
79.1 68.8 17.9
21.5 33.4 20.6
43.9 68.5 9.9
3
83.8 42.0 9.8
56.4 82.5 8.6
41.1 65.4 10.4
2
66.3 50.3 32.7
12.0 78.1 7.1
2
49.0 69.3 22.0
45.6 25.5 20.4
2
60.3 50.8 17.9
77.9 69.8 6.7
2
56.0 58.1 36.0
20.2 15.9 10.5
2
52.1 39.4 14.0
15.1 65.9 10.4
2
86.0 16.6 5.1
26.1 36.2 25.0
2
20.4 25.9 14.6
60.0 13.1 9.3
2
17.9 87.3 8.2
81.6 25.4 17.9
2
42.7 54.9 7.0
65.0 23.5 11.6
2
19.9 70.2 8.8
86.5 70.5 5.6
3
47.4 23.7 10.1
93.1 31.9 6.7
26.6 26.2 5.5
2
60.3 54.0 20.9
28.4 21.1 19.5
3
78.6 85.8 9.7
37.7 12.0 7.2
47.7 41.6 21.4
3
52.2 87.6 6.1
72.3 91.4 8.3
29.0 55.0 11.6
3
18.6 77.8 8.6
25.3 21.4 5.2
66.1 78.0 11.1
2
38.0 86.7 9.2
77.0 56.6 11.6
2
48.8 15.7 7.8
11.6 33.8 9.3
3
30.9 65.2 29.5
49.7 21.1 10.1
78.8 34.6 8.4
2
62.0 67.9 11.6
79.6 90.9 6.5
2
69.1 36.4 19.6
46.2 90.2 5.5
3
50.1 27.6 15.3
28.3 69.2 22.9
62.9 88.1 5.3
2
52.8 22.2 10.9
23.0 18.2 13.7
2
17.8 57.3 9.3
72.7 65.5 9.5
3
46.6 43.1 10.6
52.8 20.3 11.2
89.5 83.4 9.8
2
82.6 36.8 9.3
30.2 81.4 11.8
2
89.4 24.0 6.4
34.4 46.8 15.8
3
58.3 62.4 10.0
26.8 45.2 13.6
86.6 40.3 6.9
2
38.4 85.1 14.4
65.0 66.5 12.7
2
81.5 30.0 11.7
70.6 73.5 20.6
2
39.5 32.8 13.6
19.6 14.3 9.9
3
85.5 39.8 6.8
32.7 16.8 13.1
68.4 82.2 10.9
3
66.4 44.8 24.0
27.6 36.3 8.6
51.2 83.1 12.4
2
73.0 68.8 21.9
15.9 88.0 7.5
2
35.4 81.9 11.8
51.8 23.2 14.8
2
50.4 41.6 12.5
43.0 7.7 6.4
2
9.2 47.5 5.5
40.7 71.8 12.9
3
66.7 83.4 16.3
77.4 25.5 5.7
43.6 42.2 18.4
2
33.4 91.9 6.0
60.1 77.3 14.5
3
28.1 48.5 14.8
68.9 21.5 13.1
80.1 92.0 5.9
3
44.8 68.4 11.9
57.5 6.7 6.4
21.8 92.3 7.7
3
64.6 52.6 10.8
21.9 91.7 7.4
21.8 38.2 17.3
3
71.7 58.3 15.9
35.7 46.3 19.3
78.2 30.2 10.7
2
75.9 54.4 21.1
27.6 69.2 24.7
3
62.8 66.7 10.5
74.9 29.1 17.1
14.2 50.1 8.3
2
29.9 23.7 16.9
75.7 10.2 5.0
2
63.8 33.7 14.4
39.4 81.8 5.8
3
43.8 57.2 26.9
13.8 84.2 10.6
27.6 17.8 12.2
2
17.8 91.9 5.5
71.2 14.1 13.4
2
82.2 58.7 13.7
24.7 27.5 15.0
3
13.4 22.9 8.0
59.3 70.9 17.1
87.3 38.0 6.7
3
39.2 56.6 7.3
84.8 40.5 8.9
19.3 16.9 12.0
2
52.9 46.3 24.4
29.1 92.9 5.7
3
38.0 48.8 34.3
76.8 17.1 7.0
75.0 77.3 11.0
2
30.7 39.6 6.4
72.8 85.2 7.4
2
10.0 80.4 8.6
70.3 59.0 5.8
3
53.8 23.6 15.6
23.7 42.1 11.4
81.1 38.4 9.9
2
65.5 65.9 23.9
85.2 39.2 7.9
2
53.3 24.4 13.1
57.1 78.5 7.7
2
36.1 20.9 16.4
19.7 73.7 6.8
2
20.8 31.9 18.9
37.0 87.3 7.9
3
55.5 34.9 5.5
14.1 83.4 7.9
86.8 86.2 13.2
