1000

5
52.0 74.5 12.1
82.2 77.1 9.3
54.7 23.9 11.8
76.2 24.0 6.2
32.9 88.4 9.2
5
64.8 32.4 10.4
37.7 83.9 10.4
27.0 40.8 12.4
77.1 58.7 5.9
67.5 93.6 5.4
6
41.6 54.1 19.7
45.9 10.6 5.1
82.8 81.3 6.4
90.3 37.2 8.9
66.4 7.0 5.0
70.6 66.6 5.7
6
23.4 53.8 7.7
89.8 68.6 8.7
80.3 6.9 5.0
28.1 21.1 11.2
44.0 86.8 5.9
22.9 90.0 9.4
6
61.6 31.8 22.1
14.4 37.0 8.1
93.9 27.1 5.8
13.7 86.8 8.9
87.7 68.9 5.8
10.7 63.6 10.0
6
16.2 46.6 13.6
65.0 61.9 20.8
68.1 20.9 10.3
88.2 11.1 7.1
28.8 13.7 12.3
12.3 77.2 11.2
5
42.5 30.2 5.4
10.4 56.6 8.5
48.2 74.3 5.0
89.6 43.1 5.7
65.2 12.8 8.4
5
67.3 74.8 24.9
21.4 59.8 19.6
70.6 26.0 23.1
35.1 19.0 13.0
93.8 50.9 6.0
5
24.3 31.1 23.8
77.8 82.9 10.4
14.9 83.4 12.8
90.7 67.1 7.4
33.2 69.7 6.2
5
64.5 75.0 8.5
86.0 57.8 12.8
38.6 28.3 11.7
22.2 70.3 11.1
52.4 88.0 6.1
5
43.5 27.6 5.2
33.8 57.0 23.2
51.3 83.0 6.4
92.0 56.2 6.4
22.1 14.6 7.1
6
53.2 29.4 6.3
25.7 16.2 12.2
32.5 63.7 24.5
86.9 65.1 7.7
53.6 11.0 5.2
79.0 34.2 16.5
6
20.6 90.9 5.0
52.0 64.4 9.3
81.2 30.1 11.3
69.6 69.7 6.5
89.1 62.6 9.0
51.3 88.4 9.4
6
44.1 78.0 10.9
75.8 20.9 10.6
92.5 68.0 5.5
34.4 10.1 7.0
37.4 44.1 16.4
11.9 77.7 7.8
5
23.2 62.6 10.8
49.7 22.6 7.1
73.6 22.2 9.5
93.1 40.5 5.4
42.2 81.2 9.2
5
55.3 20.2 6.2
90.8 50.4 7.3
76.5 71.1 14.9
24.3 28.6 11.6
68.6 7.0 6.6
6
20.1 65.5 15.1
74.8 56.2 7.7
70.6 85.7 11.5
54.4 31.3 9.7
82.7 11.4 7.6
48.8 84.6 9.4
5
74.9 89.5 7.7
36.1 87.6 12.1
93.2 52.1 5.3
55.2 45.4 30.1
19.1 68.1 8.6
6
54.2 71.2 14.9
28.5 69.0 6.4
73.5 8.7 8.7
79.7 81.5 7.9
11.3 56.7 10.5
85.7 49.2 8.4
5
67.2 84.3 12.7
23.7 13.3 12.9
54.9 28.1 15.5
79.2 53.7 10.9
16.4 43.9 9.9
6
58.0 32.9 28.0
30.4 86.1 13.9
69.8 92.2 5.9
82.8 81.4 10.1
15.4 24.9 8.4
54.9 90.2 5.2
6
33.0 23.2 9.9
87.2 57.2 11.0
9.0 8.1 6.0
69.3 6.8 6.8
33.9 72.8 18.5
52.9 92.1 7.1
5
35.0 16.9 7.9
84.7 40.0 15.1
17.1 84.9 13.9
48.5 69.5 10.5
19.8 35.4 7.8
6
68.5 78.2 9.8
7.1 25.5 5.4
42.2 31.7 10.0
25.2 55.1 16.1
21.6 85.1 8.1
84.3 22.7 14.5
6
8.1 87.7 8.1
67.0 39.9 8.8
26.5 24.8 17.9
79.1 56.9 7.5
24.1 77.5 8.5
55.4 74.1 13.6
5
48.7 27.0 21.9
88.3 91.2 5.9
81.4 43.8 10.7
19.6 9.8 5.4
33.5 80.5 16.8
6
79.8 62.6 8.4
20.0 80.0 5.3
65.4 12.0 5.2
87.0 27.3 12.0
14.0 16.8 13.5
41.7 79.1 8.2
6
45.2 31.5 19.2
15.0 85.2 11.4
70.7 10.7 7.5
94.4 66.3 5.3
84.3 12.3 5.8
86.6 88.0 9.1
6
37.9 76.1 12.1
73.4 44.4 7.6
83.6 64.5 10.2
41.6 51.6 11.6
36.1 15.8 15.8
22.3 33.7 5.9
5
53.0 32.5 19.1
75.1 90.8 6.4
85.2 56.2 10.8
27.6 80.1 17.1
90.3 91.6 7.7
6
52.9 16.8 7.6
63.1 64.7 10.9
18.4 48.8 18.3
78.3 8.5 6.4
11.3 12.0 11.2
72.5 86.6 12.4
5
14.7 73.2 7.9
62.8 25.1 16.9
74.8 80.4 6.6
19.3 40.5 5.0
24.3 88.7 5.4
5
10.8 28.9 7.8
55.1 18.7 12.4
45.5 85.5 12.0
31.8 19.8 9.5
82.5 77.1 7.1
6
56.5 65.1 5.0
80.1 29.8 5.4
37.1 72.1 12.3
21.7 36.1 12.7
77.5 74.0 12.8
5.8 47.2 5.3
6
72.7 29.9 19.8
30.3 53.0 21.6
78.4 79.6 13.7
42.0 85.4 8.8
45.6 11.7 6.7
24.9 12.6 8.0
5
53.0 9.3 6.8
41.4 56.7 25.7
90.0 36.9 6.3
80.4 54.4 6.3
68.6 20.1 11.7
5
19.3 57.6 17.3
70.9 90.6 5.6
52.8 18.5 18.2
75.7 41.6 9.5
56.7 70.2 12.2
6
22.1 18.6 17.5
15.4 74.8 12.2
75.3 62.2 11.5
53.9 93.2 5.4
52.5 20.6 9.0
72.6 6.8 5.5
6
75.6 37.6 14.1
92.0 14.9 5.5
74.4 87.5 7.7
31.4 56.6 29.5
21.3 16.8 7.1
38.6 93.4 5.9
5
63.7 81.4 11.2
70.2 24.5 6.5
78.1 7.6 7.1
17.6 17.5 16.4
62.8 57.9 6.2
6
67.8 76.8 16.9
21.2 70.9 10.5
79.9 54.7 5.8
65.0 24.5 17.1
16.2 42.7 11.6
11.9 89.1 6.6
5
41.1 10.6 7.3
87.5 12.3 9.8
9.1 35.4 8.0
63.9 16.9 7.0
87.8 89.4 9.0
6
61.8 25.7 23.0
60.1 91.4 6.9
34.3 7.4 6.5
16.2 78.2 7.6
39.1 80.6 6.9
75.3 81.1 7.3
6
49.3 79.8 12.4
69.6 43.5 20.4
82.9 87.9 5.2
18.9 46.2 14.3
20.3 84.8 13.5
29.7 11.3 5.3
5
27.4 57.9 21.6
23.1 12.9 8.0
66.7 25.7 18.6
89.0 80.3 7.9
58.4 82.1 15.4
5
49.4 66.9 28.2
90.7 44.8 7.8
45.5 25.1 5.1
28.2 16.4 7.1
59.7 13.3 13.1
5
43.6 17.6 9.4
73.8 41.1 10.3
15.4 66.8 14.6
56.6 76.1 16.9
19.0 39.4 10.7
5
80.8 36.7 9.7
16.6 10.9 6.1
59.7 70.1 9.4
25.1 71.8 6.1
10.8 48.5 5.6
5
86.7 77.4 6.9
60.5 42.1 31.2
35.7 90.9 8.0
19.7 61.3 10.2
45.5 76.2 5.7
5
25.7 73.8 12.1
57.5 19.1 15.1
24.8 10.4 10.0
66.9 68.1 17.2
17.1 93.1 5.7
5
70.8 16.5 12.0
28.6 15.2 14.3
41.1 77.4 17.6
93.1 72.5 5.8
63.3 60.8 9.9
6
58.6 57.4 35.6
84.6 20.8 7.5
21.6 18.3 8.8
12.8 79.0 7.7
43.3 12.5 8.6
58.1 8.7 6.5
6
41.6 45.8 38.8
92.2 90.3 6.4
64.6 88.9 7.8
84.6 26.9 5.7
8.2 84.5 7.1
6.6 14.5 5.3
6
31.6 89.2 8.8
76.0 14.0 6.9
25.1 50.3 10.1
12.7 83.8 10.4
83.0 67.1 11.6
50.7 61.9 8.4
6
35.7 71.2 11.0
19.8 58.5 8.8
66.7 85.3 11.2
54.0 29.4 7.5
82.6 42.3 6.0
28.9 43.5 8.5
5
48.1 51.0 41.7
92.5 76.5 7.5
89.4 6.2 5.7
9.6 80.1 5.6
16.9 12.8 6.4
5
45.7 41.6 28.4
88.2 90.0 7.6
14.2 89.1 8.0
79.1 60.0 9.7
65.7 86.6 7.8
5
29.4 19.6 16.2
38.2 53.0 14.1
9.2 81.2 7.5
69.7 25.0 16.1
83.4 59.1 5.6
5
42.3 51.9 7.3
64.2 25.3 8.7
26.2 70.3 9.8
7.1 27.8 5.1
71.3 70.8 23.6
6
15.7 12.9 10.2
61.2 31.0 7.4
63.4 10.5 7.4
41.0 52.7 9.5
23.6 83.2 13.8
77.1 59.5 10.0
6
25.1 59.1 18.1
65.6 10.9 10.0
56.5 35.2 5.6
74.7 65.4 19.8
30.8 26.6 14.5
11.1 85.6 6.7
5
72.5 11.4 7.3
27.1 45.1 21.1
78.8 48.8 16.6
37.1 82.6 7.5
27.2 12.2 7.8
5
62.5 42.5 35.0
10.4 30.0 10.3
93.8 85.2 5.4
10.9 77.8 5.2
77.9 90.4 5.4
5
60.3 17.1 12.3
23.7 25.8 9.1
7.7 47.5 5.0
21.9 87.4 6.0
65.2 84.8 8.1
6
9.6 61.4 8.3
53.8 54.2 18.8
24.2 27.1 16.8
35.8 75.8 8.0
18.4 81.1 8.0
67.3 83.0 10.8
6
68.7 37.3 25.4
13.6 21.6 5.9
42.4 88.3 10.0
68.6 89.6 6.1
70.7 74.8 8.4
15.5 60.1 9.0
5
67.9 43.2 28.9
35.7 8.4 5.2
29.0 80.5 7.7
24.9 60.8 11.5
58.0 93.2 6.2
6
13.9 51.7 10.1
50.8 10.3 9.6
69.5 28.6 15.4
72.4 79.0 11.8
56.3 67.2 5.3
25.0 92.0 6.3
6
30.2 21.3 10.7
40.7 81.1 15.2
78.1 33.8 16.5
45.6 15.1 5.8
75.7 75.1 9.5
41.3 40.0 7.9
6
52.1 77.8 21.0
73.7 14.5 8.4
93.3 8.5 6.7
21.5 68.8 7.3
5.8 81.2 5.5
49.1 21.9 8.1
5
26.9 25.6 13.3
69.8 39.9 11.3
19.6 67.2 8.7
86.4 17.8 9.3
70.5 81.2 14.6
5
28.1 45.9 11.0
80.8 58.9 14.4
31.9 12.4 12.4
11.4 25.5 10.6
77.4 8.2 6.6
6
77.6 43.6 16.3
44.1 61.6 19.1
35.6 23.0 8.2
21.4 88.4 5.6
66.3 17.7 11.7
89.3 10.5 5.7
5
83.4 25.2 6.9
87.3 66.3 6.3
26.8 12.3 5.1
59.9 27.3 16.2
10.8 68.7 5.0
5
40.6 31.5 24.3
86.7 42.1 10.8
73.5 59.6 8.5
85.0 81.7 10.9
8.1 17.7 5.4
6
66.0 40.6 24.0
32.6 74.2 7.3
73.3 79.9 5.6
92.0 25.3 5.9
86.0 74.7 5.0
21.0 30.6 5.4
6
86.7 23.9 5.3
57.1 71.7 21.9
23.3 38.6 20.5
14.4 85.5 7.9
52.6 17.5 7.3
10.1 14.7 5.7
6
70.6 16.3 13.8
49.2 9.0 5.1
69.2 70.6 9.6
40.5 54.3 20.4
80.7 89.4 5.1
74.9 52.8 5.8
6
19.2 17.0 8.2
86.6 36.3 9.8
67.4 51.6 13.3
79.1 75.5 5.6
39.7 65.8 11.9
52.6 15.4 12.6
6
27.5 82.5 13.5
61.4 90.9 5.1
51.9 29.9 15.3
9.1 55.4 7.6
23.7 44.3 5.0
72.7 66.0 15.5
6
32.2 23.2 17.9
32.1 89.6 10.1
49.4 82.3 6.3
84.9 39.8 14.8
18.1 68.8 12.1
89.7 86.9 10.0
6
48.4 29.3 27.8
9.2 81.2 5.1
11.7 20.3 7.1
86.9 84.6 11.2
9.9 58.1 8.4
63.3 69.4 10.3
5
48.2 17.3 13.7
16.0 33.5 7.8
70.3 67.4 15.7
15.3 14.8 5.7
91.8 48.8 7.9
5
39.4 16.3 5.3
59.6 76.9 22.2
82.9 37.8 11.9
42.1 45.9 5.6
26.2 19.9 7.0
6
51.8 47.0 29.0
82.2 8.1 7.7
10.4 74.1 5.7
90.0 43.8 8.8
14.8 45.6 8.0
71.9 87.6 5.5
6
35.1 78.9 17.5
77.4 52.6 19.0
16.0 36.8 7.9
58.9 9.9 5.5
8.4 14.2 6.8
30.1 16.7 10.6
5
21.5 37.8 9.7
34.2 79.2 17.0
83.6 32.9 7.3
60.9 87.1 7.9
70.4 73.2 8.4
6
70.8 8.3 5.6
29.8 64.3 23.1
80.7 64.7 15.7
67.8 28.8 10.7
91.8 18.3 5.3
56.8 86.9 8.1
5
60.5 54.4 7.0
71.6 18.0 17.8
35.2 72.4 16.5
26.1 35.9 6.7
88.4 74.6 10.6
5
78.9 39.9 9.8
42.0 21.5 17.1
58.3 76.5 9.4
15.3 52.5 5.0
19.4 93.7 5.6
5
31.3 27.1 20.7
7.6 79.6 5.3
57.6 70.2 17.6
74.5 38.7 16.3
19.5 55.5 7.2
5
36.9 69.2 16.9
57.1 13.8 6.1
20.9 36.8 5.7
74.1 91.4 8.1
79.6 11.4 10.7
5
58.7 64.0 16.5
22.9 36.2 6.5
25.3 9.0 7.4
89.6 43.8 8.1
71.0 7.5 5.4
6
34.1 60.1 14.8
48.2 19.1 12.3
67.4 83.2 16.0
80.4 55.1 14.5
18.1 11.8 8.4
79.0 19.2 8.6
5
27.3 19.4 7.6
59.6 17.1 9.8
31.9 88.9 9.7
8.8 29.3 5.3
85.2 71.5 5.7
6
49.1 71.1 16.3
93.9 71.5 5.1
9.4 9.0 5.2
62.0 10.3 9.0
11.4 52.0 10.6
48.3 44.1 5.4
5
48.9 47.3 20.1
76.3 39.7 7.6
87.8 48.6 5.9
90.4 10.8 7.5
18.0 58.9 6.3
5
73.1 61.4 10.1
70.8 15.8 9.8
9.5 13.9 6.7
23.9 38.6 10.2
20.5 59.9 10.1
6
48.1 26.4 22.3
20.7 61.1 11.1
66.9 86.6 5.4
14.5 35.8 11.3
25.8 84.6 8.3
78.0 70.1 6.6
5
10.1 80.5 8.7
76.7 72.1 17.9
13.9 46.0 9.3
16.7 16.0 9.6
35.6 39.5 12.6
5
63.2 48.7 20.2
22.3 68.1 16.6
82.1 84.4 7.6
12.9 37.6 6.8
22.1 16.1 14.5
6
31.5 76.0 5.0
75.2 13.1 9.3
70.6 47.9 23.5
12.9 18.4 9.8
20.6 56.1 5.4
14.3 72.5 7.4
6
63.6 59.3 5.0
34.3 77.8 10.4
88.1 65.3 7.7
46.6 20.8 6.8
89.3 83.3 10.0
57.4 5.3 5.0
5
9.6 10.7 7.0
14.8 48.0 13.9
58.7 28.7 13.1
79.4 83.8 9.3
89.6 5.1 5.1
6
58.2 39.0 17.7
18.5 76.2 10.3
11.1 20.0 5.7
88.8 59.6 5.2
62.7 79.0 19.0
69.7 11.7 11.1
5
28.3 48.9 17.1
47.6 83.6 10.1
68.0 49.2 7.8
12.6 91.0 5.1
14.7 11.8 6.5
6
67.5 74.5 17.4
7.6 32.7 5.5
73.7 34.9 8.0
42.4 19.8 8.9
30.3 92.0 5.1
19.4 82.9 6.8
6
19.1 53.5 5.9
82.4 72.1 10.5
74.0 35.9 9.9
60.7 90.3 6.6
70.3 9.3 8.8
48.5 79.3 5.7
5
24.5 84.1 6.4
55.5 42.2 9.2
16.0 17.0 5.5
22.2 56.5 6.3
16.4 33.5 9.6
5
47.1 54.5 21.8
56.7 16.8 6.8
91.8 49.2 7.5
85.8 90.2 7.4
73.5 75.1 5.9
6
83.8 72.4 5.0
20.3 45.0 19.8
51.1 55.8 8.6
19.3 14.0 5.8
68.9 35.7 8.9
86.8 15.3 11.2
5
36.4 30.9 10.4
65.3 39.3 19.2
46.9 61.0 7.2
90.9 9.7 5.5
11.7 68.9 6.9
5
56.4 75.1 9.8
74.7 34.0 12.9
14.7 33.6 11.6
31.7 8.9 6.7
37.2 23.0 6.2
5
70.0 71.6 10.2
87.8 83.1 8.4
42.3 31.3 30.4
19.5 73.5 16.5
53.6 84.4 6.4
5
61.0 17.1 5.7
83.9 63.1 13.6
31.9 54.3 16.7
82.0 29.4 13.3
53.7 75.0 11.4
5
37.9 39.8 32.3
81.5 75.8 6.4
83.8 17.7 14.3
18.5 82.8 7.3
83.5 43.0 8.0
5
15.8 71.7 5.7
77.9 92.5 5.6
63.7 45.1 28.0
27.0 85.1 7.3
15.1 40.7 12.1
5
70.5 44.2 13.0
14.2 37.0 8.8
42.6 66.9 10.5
92.9 21.7 7.0
85.7 59.8 7.3
6
83.1 29.8 12.1
41.5 76.0 16.0
51.9 21.2 18.0
77.4 76.2 13.3
29.8 10.9 5.4
11.7 57.0 8.0
5
87.3 74.0 10.0
67.9 13.5 8.6
55.7 69.0 5.0
48.7 83.6 8.2
78.4 50.6 11.1
6
91.0 58.5 6.4
64.2 56.0 12.2
18.6 10.6 6.4
69.1 32.1 5.6
11.6 44.8 10.0
24.5 74.5 14.5
6
51.3 77.3 10.2
6.2 40.8 5.5
5.7 57.5 5.1
92.1 24.2 6.9
87.7 55.6 6.6
42.1 26.3 11.4
6
59.5 33.7 19.1
33.8 48.3 10.0
34.8 6.5 5.5
50.8 6.2 6.1
39.3 80.5 6.6
8.9 85.1 5.7
5
9.8 33.8 8.4
88.2 27.1 6.6
34.1 58.9 17.5
91.8 43.4 5.8
72.0 67.3 7.6
6
71.5 74.0 6.2
13.8 46.1 10.7
50.0 38.3 13.6
66.2 5.7 5.4
88.3 27.9 7.5
36.0 75.9 5.0
5
84.4 42.1 10.7
11.0 45.9 9.7
34.8 21.7 17.9
26.7 63.0 12.0
29.4 86.9 10.7
6
80.6 22.5 10.6
78.4 76.7 13.3
72.2 43.6 8.2
33.9 19.0 8.0
18.3 89.3 10.5
39.3 77.3 5.0
6
20.5 31.2 8.9
69.8 78.8 17.7
69.8 20.4 16.4
8.1 75.0 6.9
34.9 7.0 7.0
33.6 89.8 8.5
6
27.8 7.7 6.8
36.1 43.9 9.7
14.1 66.4 6.1
13.8 38.2 9.0
57.9 21.3 18.1
19.1 93.7 5.4
5
44.2 85.7 9.7
10.2 56.9 7.5
19.1 44.1 6.4
19.5 8.9 8.2
19.9 28.1 9.2
5
88.8 62.5 5.0
28.9 33.6 5.2
20.0 90.2 7.4
72.0 57.7 10.2
73.6 25.9 9.9
6
51.6 34.7 7.7
85.6 26.1 13.5
59.8 83.3 12.5
11.1 79.5 10.0
91.4 91.8 7.0
49.7 16.1 7.6
5
49.8 36.0 20.9
82.9 51.1 6.0
11.8 76.5 6.4
89.2 28.2 7.1
38.7 93.5 6.0
6
92.2 40.4 7.2
71.4 90.2 6.5
43.4 89.2 5.8
44.7 56.3 12.2
14.5 19.6 10.5
41.6 13.7 10.4
6
59.3 67.5 10.2
26.4 12.1 7.7
40.2 47.7 15.0
74.8 89.8 8.8
89.6 92.9 5.1
28.4 81.8 16.1
5
88.9 87.0 5.7
85.8 62.7 7.0
53.9 41.2 31.2
13.6 70.1 5.2
23.8 16.8 6.5
6
60.7 26.1 8.4
78.9 44.6 8.7
14.3 93.0 5.0
61.8 69.7 8.9
45.8 89.7 6.9
19.5 66.7 14.8
6
36.4 54.2 34.2
91.0 81.4 7.9
82.9 29.5 16.0
64.2 13.3 7.6
27.7 9.8 9.7
80.8 63.6 8.2
6
13.9 15.4 12.7
74.2 92.4 5.7
52.5 45.2 36.0
6.7 39.1 6.6
88.7 6.7 5.7
9.1 76.8 8.0
6
26.7 59.6 25.9
82.9 51.3 12.3
12.3 21.7 9.5
37.4 93.5 6.5
66.6 64.3 8.3
82.3 14.7 13.0
6
92.0 51.4 6.8
23.7 42.5 12.4
65.2 10.1 5.7
51.8 74.6 6.7
73.8 72.8 6.2
13.9 71.6 12.6
6
92.0 16.6 6.0
40.4 37.9 21.8
79.6 91.1 6.3
80.1 64.7 16.7
25.5 92.9 5.3
76.1 9.9 5.7
5
81.0 60.0 10.7
15.1 28.9 5.7
32.3 53.1 13.2
43.9 85.7 9.4
28.2 13.2 9.6
5
79.2 76.9 20.0
20.1 19.4 6.7
65.2 34.3 9.6
26.7 60.3 5.4
29.8 88.6 8.7
5
19.3 20.3 9.6
59.3 13.4 8.3
92.9 60.3 5.7
81.4 28.5 17.9
39.7 61.0 21.3
6
8.3 71.1 7.0
60.5 32.0 21.0
59.2 88.0 10.5
93.6 59.7 5.6
41.1 90.3 5.1
94.1 20.1 5.2
6
18.6 37.6 14.0
81.2 26.7 6.7
85.6 60.3 10.3
62.1 48.7 14.7
59.2 92.4 6.7
63.1 9.2 6.7
5
38.7 19.1 11.1
79.7 11.0 8.8
11.1 21.9 11.1
41.5 67.0 8.0
84.6 83.6 11.9
5
5.7 67.7 5.2
55.4 42.3 32.7
10.3 52.3 6.6
42.1 88.4 11.1
74.9 91.8 6.7
5
39.5 82.9 14.5
10.5 64.2 6.2
89.0 92.4 6.5
10.7 90.5 6.5
83.9 19.2 10.6
5
46.8 34.3 19.0
58.2 62.3 6.9
10.4 65.7 8.7
16.3 19.9 9.3
91.1 51.7 7.5
5
25.4 76.7 21.9
51.5 27.9 26.8
80.1 88.2 11.0
93.3 64.1 6.3
87.9 26.6 7.9
5
29.5 49.5 6.0
76.5 23.7 5.7
70.7 13.2 6.2
56.8 67.1 8.9
17.5 73.8 16.7
5
66.1 62.4 24.2
18.4 55.5 16.6
51.2 10.2 9.3
71.2 21.3 8.2
34.1 23.5 11.9
6
42.7 45.8 29.0
66.7 73.9 6.9
24.5 86.3 12.4
79.7 23.9 6.9
91.7 40.1 6.6
7.5 28.4 6.7
6
8.5 92.5 6.2
30.7 36.8 15.3
92.8 28.4 5.3
71.1 49.2 21.6
27.7 73.9 9.7
89.5 89.3 8.8
5
17.3 10.4 5.9
92.8 85.4 5.8
86.3 70.8 10.1
44.9 10.8 9.5
36.7 77.1 9.8
6
27.0 54.8 25.9
7.2 18.9 5.9
29.7 14.9 6.6
91.8 64.4 6.5
49.0 91.1 5.3
83.2 80.6 8.3
5
14.6 90.1 5.7
47.8 7.4 5.7
20.6 27.1 12.9
15.1 67.1 9.5
68.3 30.7 7.3
5
79.7 28.3 10.2
13.8 45.0 6.7
85.4 64.9 5.4
41.4 73.0 16.4
36.5 23.9 13.0
5
94.0 69.6 5.1
21.9 40.1 11.0
86.0 44.1 7.6
66.2 20.2 9.1
27.2 9.1 7.7
6
12.3 48.9 9.6
63.4 30.7 8.2
88.9 67.4 9.2
34.7 67.4 6.2
10.8 25.7 10.1
38.4 10.4 5.6
6
15.0 14.6 11.6
40.6 52.6 20.6
85.2 22.2 13.1
83.8 81.6 6.3
37.5 6.7 5.2
5.9 94.0 5.2
5
11.3 27.0 7.0
74.0 41.7 20.7
33.9 64.0 21.1
31.4 8.3 7.0
66.3 91.6 5.5
6
72.2 66.3 19.2
72.6 26.4 17.9
23.7 68.2 20.3
88.4 92.5 6.8
46.1 85.9 5.1
28.7 93.6 5.5
6
22.8 41.4 14.1
65.0 44.9 10.4
38.9 7.3 5.6
39.6 80.2 13.3
6.8 58.0 6.0
88.0 85.0 11.0
6
60.0 60.0 23.4
60.5 13.9 7.5
21.9 77.5 9.8
74.1 13.9 5.3
9.8 45.8 7.6
47.7 26.0 9.6
5
35.5 66.1 6.9
8.4 13.1 6.4
41.9 36.4 8.7
72.2 32.5 9.0
83.3 76.2 8.7
5
24.9 48.7 18.4
60.6 11.4 10.7
79.9 63.5 8.9
64.9 33.5 10.6
85.8 21.5 9.9
5
84.3 90.1 8.6
59.4 56.6 12.0
10.9 34.9 7.5
23.5 64.1 20.9
86.4 55.0 11.9
6
8.2 68.6 6.8
21.2 91.2 6.5
65.4 76.8 22.1
77.0 19.6 6.1
29.0 15.6 12.5
63.0 42.9 10.8
5
56.4 90.8 7.5
40.0 41.9 21.7
84.5 79.2 7.3
32.4 80.0 14.3
78.3 48.6 16.1
5
14.2 24.3 11.7
77.7 39.2 11.5
52.6 79.0 19.0
87.3 19.5 9.0
11.9 84.2 8.7
6
56.4 9.9 6.4
53.2 39.1 19.6
60.6 79.1 19.6
90.8 65.0 5.8
26.7 85.9 9.8
32.2 60.0 5.5
6
24.1 78.8 10.3
88.6 10.5 8.2
57.6 91.8 7.0
12.8 35.7 7.3
86.9 32.1 10.7
42.4 36.6 19.5
6
33.5 9.9 9.7
92.3 67.2 5.2
58.0 73.9 24.2
52.3 26.1 14.4
17.1 52.8 12.1
81.4 35.3 14.8
5
56.6 16.6 10.7
51.0 68.5 21.8
83.0 19.9 12.0
35.7 10.3 6.8
13.7 27.3 9.9
5
52.1 88.9 6.6
34.9 9.8 5.4
83.2 85.2 13.6
12.0 18.2 8.4
74.8 28.4 9.9
6
83.4 53.7 14.1
83.7 33.5 5.1
36.3 68.9 5.9
17.6 79.2 12.0
10.5 55.3 5.4
46.2 27.4 24.5
5
50.8 90.8 6.3
45.9 41.9 34.8
38.3 92.4 5.2
81.3 87.0 12.7
7.4 29.3 5.2
5
55.7 70.9 6.1
78.1 23.4 10.7
79.9 67.3 7.5
42.0 9.8 7.2
25.2 89.8 8.8
6
14.6 20.5 13.2
65.5 81.7 11.4
39.3 18.2 9.5
10.5 76.6 5.6
86.1 59.3 6.3
81.8 24.1 11.4
6
71.4 28.6 8.5
45.8 89.7 6.1
87.8 59.4 7.3
46.4 54.3 11.2
20.1 37.6 6.1
94.3 76.0 5.5
6
67.9 78.7 13.9
36.0 45.3 22.5
11.8 82.0 9.2
71.8 44.4 9.0
81.9 17.2 5.5
7.9 28.7 7.9
6
43.0 51.1 16.0
80.9 28.7 6.2
19.7 21.3 5.9
41.2 15.8 10.2
68.8 73.7 8.6
14.4 50.5 12.4
6
49.9 45.2 42.2
86.5 13.3 5.7
87.1 85.4 8.5
11.9 89.9 6.1
61.8 91.2 5.3
34.3 91.0 5.2
5
74.9 18.6 16.6
12.3 76.0 10.9
41.8 49.4 28.3
92.0 48.4 7.2
40.5 7.2 6.3
6
5.3 94.9 5.0
70.0 50.6 5.2
14.7 21.9 13.9
87.3 82.6 8.3
19.4 60.4 12.5
60.0 12.9 5.7
6
48.3 82.4 13.6
27.1 46.6 5.5
62.4 16.1 13.7
76.8 46.0 6.2
87.7 69.3 8.6
11.2 72.8 7.3
6
45.1 9.8 7.1
66.7 79.2 20.3
89.5 33.1 8.6
10.3 13.2 6.1
28.1 74.6 7.4
6.7 60.2 5.1
5
92.1 76.8 7.2
42.0 88.7 9.2
13.5 65.7 7.5
14.4 45.8 8.5
15.3 12.6 11.2
6
76.2 41.2 14.7
34.2 33.1 24.5
57.6 84.0 11.8
34.0 82.9 10.6
84.8 17.1 6.5
77.9 83.5 7.1
5
77.3 84.8 7.7
19.9 93.0 6.6
21.0 13.2 7.8
56.6 23.5 11.1
50.1 87.3 8.7
6
31.3 21.9 15.1
11.2 62.4 6.4
49.6 91.5 6.8
89.6 89.0 10.0
74.1 62.5 13.1
27.3 88.6 7.4
5
94.4 64.4 5.2
33.6 38.5 8.3
77.6 28.6 17.6
66.2 6.7 6.3
19.9 67.6 17.6
5
35.1 29.3 13.0
90.6 23.9 6.4
59.5 88.6 5.9
83.6 80.8 9.0
62.1 60.0 13.8
5
39.2 62.1 29.5
47.0 16.1 12.6
64.6 28.3 6.6
80.4 60.4 8.4
67.2 9.2 5.6
5
73.5 60.3 6.5
15.9 74.5 11.2
87.5 28.7 5.9
13.6 36.2 10.6
41.8 90.1 8.1
5
83.8 71.9 10.9
55.5 77.5 15.9
67.6 39.5 21.9
26.8 53.8 16.4
13.3 84.5 5.3
6
55.4 17.3 6.5
57.9 40.5 6.2
21.8 28.4 17.3
78.7 56.2 16.6
45.5 79.8 17.2
10.1 6.3 5.4
5
58.5 11.3 9.2
86.8 55.9 7.2
27.5 59.9 14.6
57.6 45.4 12.4
39.2 16.2 8.7
5
64.9 19.1 5.6
22.4 73.8 22.2
47.9 7.3 6.3
85.1 81.9 6.5
91.1 36.3 8.8
5
36.8 77.9 9.5
12.8 74.1 11.5
61.0 48.2 8.0
34.3 10.6 5.8
78.0 17.0 8.2
5
14.7 42.1 9.7
54.9 82.9 11.7
13.5 87.1 6.8
84.0 47.8 11.9
8.1 11.9 5.5
5
62.2 22.5 10.6
64.2 93.8 5.9
52.6 72.8 14.7
77.6 47.0 6.8
79.5 81.9 5.7
5
88.6 20.8 6.2
40.0 63.6 28.1
55.0 26.5 9.3
28.5 13.6 5.2
12.3 6.9 5.4
5
59.7 55.6 18.6
89.1 13.3 5.6
65.8 11.3 5.9
68.3 89.4 6.6
88.9 76.7 6.3
6
71.5 24.0 8.2
50.2 69.7 22.7
93.9 15.1 5.9
9.5 82.0 6.3
81.1 36.3 5.0
17.1 61.4 10.1
6
15.1 56.5 10.2
43.0 68.8 19.8
18.4 7.7 6.1
31.0 38.5 7.4
74.6 19.6 9.2
79.4 70.7 16.4
5
24.5 20.1 5.6
22.6 45.9 12.2
67.3 90.7 5.2
61.8 57.2 5.5
58.8 26.6 22.8
5
36.4 66.5 20.2
88.1 68.6 9.1
17.1 15.8 14.7
18.6 46.2 5.9
61.0 13.1 12.6
6
61.7 92.0 5.1
11.1 53.4 8.3
89.1 71.3 8.2
76.1 31.0 15.8
8.9 36.0 5.1
54.0 76.1 6.0
6
11.4 22.9 10.0
88.6 28.4 10.0
90.0 76.9 7.7
73.0 44.9 6.8
56.8 75.4 19.6
51.9 26.2 20.7
5
83.8 46.1 10.8
72.7 79.2 12.6
40.0 18.5 13.0
56.1 62.8 5.2
62.6 30.0 6.5
5
75.7 92.8 5.2
22.8 51.8 19.9
55.5 41.2 8.0
83.6 78.4 5.6
91.6 28.0 6.5
5
85.2 61.7 11.4
59.8 23.7 11.3
16.8 34.2 15.4
50.2 55.8 21.4
18.8 81.8 18.2
5
28.3 47.0 18.4
80.3 39.6 14.5
61.6 76.8 11.9
58.0 13.6 5.9
94.0 92.8 5.1
5
56.8 49.4 19.4
13.9 92.2 5.8
93.0 23.2 5.7
54.0 10.8 8.8
27.1 55.5 10.0
5
17.5 57.4 14.4
47.5 84.6 6.3
62.5 5.6 5.1
43.6 12.7 5.3
15.0 8.4 5.7
5
88.6 14.0 8.0
79.6 32.1 8.4
44.0 32.5 18.2
75.9 75.7 19.5
19.2 76.6 9.0
5
41.6 18.1 15.8
86.8 53.5 6.5
73.4 77.2 13.4
25.7 76.0 20.7
60.8 49.9 10.0
6
15.5 47.0 14.5
32.7 7.6 6.4
56.9 60.7 8.2
59.4 39.0 13.3
91.7 83.3 7.7
9.6 12.6 7.5
6
37.6 69.6 28.8
87.9 73.6 10.5
70.7 91.1 7.3
89.8 26.1 8.9
65.2 38.2 5.1
75.9 13.9 9.5
5
9.5 74.4 7.6
89.0 89.5 9.4
57.3 29.7 12.0
30.5 32.6 11.6
66.4 89.7 7.8
5
38.7 35.0 34.0
15.1 92.5 7.3
90.9 43.1 5.7
9.4 69.8 8.7
90.7 86.1 5.3
6
23.6 44.7 21.1
83.9 56.8 11.3
78.8 20.9 12.0
37.3 16.6 6.2
16.0 86.1 11.0
19.5 15.3 5.1
6
20.7 26.8 12.2
27.8 67.4 24.6
72.3 31.9 23.2
72.6 69.5 10.7
52.3 90.2 8.2
37.4 7.9 5.2
5
31.7 28.4 10.2
40.9 68.6 10.5
66.6 76.8 7.1
77.2 47.1 8.9
42.3 49.1 6.1
5
26.2 12.3 11.4
82.9 25.9 15.3
23.5 43.5 6.2
28.5 74.8 21.6
57.7 11.7 11.5
5
52.6 45.8 6.7
58.3 92.4 6.2
18.2 32.8 7.3
12.0 64.5 8.3
44.4 26.4 8.1
5
27.1 56.2 5.0
50.3 23.4 8.4
70.9 87.8 5.9
22.2 91.6 7.7
61.8 60.7 8.9
6
74.1 56.5 11.3
50.7 21.1 14.8
21.0 50.3 7.3
12.1 21.9 6.7
93.6 25.9 5.8
80.1 6.4 5.4
5
65.9 87.9 11.3
40.2 33.1 11.8
17.2 21.9 7.6
11.5 90.3 7.4
41.7 82.7 10.8
6
10.7 27.4 5.6
68.0 27.4 27.3
18.5 84.4 13.7
93.3 56.9 6.6
44.0 81.5 9.5
32.6 39.9 5.1
5
71.9 88.5 5.1
60.8 43.5 34.9
58.5 85.4 5.4
24.7 87.1 11.0
14.8 33.8 7.7
5
35.8 12.7 8.9
45.5 66.8 15.2
11.7 93.6 5.7
63.7 12.3 10.3
80.6 63.0 10.9
5
27.5 50.0 8.7
18.3 66.8 5.9
24.9 80.9 6.0
89.1 74.9 9.5
63.6 12.0 11.1
6
49.5 26.9 13.6
62.5 70.4 26.9
14.7 54.4 12.8
79.9 33.1 6.1
11.2 9.0 5.1
21.5 76.4 8.9
6
25.5 58.9 6.9
60.2 31.6 20.0
10.3 36.9 8.4
57.2 83.7 9.1
83.5 90.2 9.2
12.5 77.8 9.4
6
46.2 29.0 15.7
40.0 77.1 10.3
74.0 78.6 5.8
65.0 10.6 8.8
80.8 56.3 12.6
32.3 45.5 5.1
5
29.3 29.8 8.1
12.2 88.8 10.8
40.8 78.6 5.6
12.6 38.8 7.2
92.7 13.8 5.1
6
92.8 65.5 5.3
50.1 68.6 28.4
16.1 30.8 9.8
15.3 57.4 7.9
93.2 23.0 6.6
68.3 9.8 7.6
6
18.4 18.6 10.0
28.3 40.0 13.3
36.0 74.1 16.8
45.4 15.9 5.9
69.8 73.7 12.1
87.5 57.3 5.7
6
43.7 73.3 14.6
6.4 67.6 5.8
8.0 45.2 5.3
37.0 27.1 18.6
81.8 30.6 11.8
84.7 84.0 14.1
5
42.6 40.3 18.6
73.8 33.7 7.0
76.4 74.4 22.9
7.1 14.4 6.3
10.0 71.7 8.1
6
73.7 80.9 15.3
14.5 16.9 14.0
87.6 15.2 9.5
64.0 42.8 22.9
45.1 89.1 7.4
19.9 81.0 15.1
6
48.1 63.8 21.9
80.5 71.3 10.1
90.3 9.6 5.6
29.0 89.9 9.0
9.7 18.2 8.6
81.4 89.1 6.7
6
53.8 53.8 38.0
86.4 6.3 5.1
55.4 6.4 5.6
90.1 89.7 5.2
20.8 89.5 10.4
8.0 18.6 6.1
5
57.1 26.3 12.5
90.3 6.2 5.5
19.3 33.8 7.2
35.7 84.5 9.5
65.0 75.4 17.1
6
41.4 5.9 5.2
58.3 30.9 6.6
9.4 92.4 6.9
73.4 14.2 5.9
40.9 77.8 15.0
68.0 54.4 11.9
5
17.9 14.1 7.9
51.1 49.1 9.6
14.9 53.0 6.2
88.3 46.8 11.1
64.5 79.4 19.2
5
66.6 23.1 13.8
13.5 36.8 9.5
17.8 82.7 11.2
36.3 69.4 5.4
88.1 67.2 5.5
6
36.5 47.7 6.1
35.3 75.3 12.8
56.9 47.9 7.7
27.6 14.2 5.3
25.2 34.7 11.0
5.6 76.0 5.1
6
26.4 75.4 14.9
67.9 81.7 11.1
89.8 56.0 6.2
68.2 28.8 15.0
23.4 42.4 11.8
42.7 21.3 5.7
5
60.2 7.5 6.6
48.7 36.3 5.6
92.8 45.3 5.6
75.1 73.9 18.6
15.7 47.3 13.9
5
12.8 9.1 6.0
37.6 9.8 8.2
87.4 73.9 5.0
77.3 24.3 19.7
23.1 62.1 10.2
5
69.2 29.2 20.7
36.5 75.3 6.8
10.3 60.1 8.6
41.4 30.4 5.2
21.4 44.6 5.3
5
89.6 45.3 9.5
48.7 55.0 5.7
8.5 69.2 7.3
20.1 20.2 9.2
92.1 11.1 6.4
5
32.2 57.8 19.5
77.9 18.9 11.2
17.0 90.3 8.1
68.8 92.4 6.1
14.0 28.3 7.8
6
90.4 24.1 8.4
37.6 18.9 6.7
63.0 28.0 17.1
20.0 12.3 11.7
32.3 71.1 21.9
77.6 67.8 17.9
6
11.9 18.5 7.0
85.1 79.1 5.7
19.3 65.2 14.0
30.8 13.0 8.6
77.3 22.8 16.3
50.8 77.2 18.8
6
61.0 86.4 6.6
72.8 52.5 5.8
89.5 20.5 7.9
22.1 41.1 13.6
27.8 81.4 12.9
48.0 59.8 15.2
6
34.0 85.2 6.3
89.7 23.9 8.7
7.9 32.4 5.1
61.3 65.1 15.4
73.0 25.6 6.9
43.9 23.5 5.8
5
49.6 32.2 13.3
76.9 15.7 11.1
63.0 67.6 23.1
23.8 13.8 5.8
88.5 38.9 5.2
6
26.1 57.3 22.8
81.6 72.7 7.2
45.1 86.9 8.7
20.2 20.0 10.4
48.6 22.3 12.5
88.4 54.7 10.3
6
35.6 31.3 25.4
75.6 20.9 10.7
41.1 76.8 19.1
68.8 63.2 11.5
93.1 62.8 6.5
8.1 61.5 8.1
5
89.3 31.1 6.8
39.5 42.7 36.0
9.6 92.6 6.5
87.8 83.2 8.9
65.2 85.2 9.9
6
55.4 20.9 10.5
92.0 84.2 5.9
27.1 55.1 15.5
84.7 63.5 5.2
85.0 39.7 9.6
14.1 19.4 7.1
5
15.9 67.6 14.5
58.2 78.3 17.7
79.0 14.2 11.7
40.5 37.0 23.6
10.5 13.9 6.4
5
87.2 90.6 8.6
67.6 41.8 15.5
9.9 43.1 6.0
60.9 86.7 10.0
34.1 34.3 7.0
6
24.2 72.9 23.5
72.2 69.3 12.3
72.0 25.2 17.7
55.9 49.7 9.4
10.8 35.4 10.3
86.2 90.3 6.7
5
36.6 53.8 30.2
67.9 15.6 11.5
83.5 58.3 8.3
52.8 90.3 7.8
80.1 78.5 7.4
5
83.5 53.7 10.7
49.6 26.3 10.8
80.4 88.5 9.7
42.1 72.8 26.0
69.8 6.8 5.8
6
79.3 55.8 13.9
15.6 13.4 8.7
22.2 39.8 14.6
43.1 73.7 15.5
69.7 13.4 12.1
73.4 81.4 6.6
6
16.6 12.3 9.7
82.5 53.0 10.8
60.0 85.5 9.1
26.2 83.4 12.3
48.0 24.2 11.7
86.9 21.2 7.8
5
61.8 39.7 24.6
27.1 73.8 8.1
10.2 41.0 9.9
14.5 65.5 5.1
19.2 92.1 7.2
5
15.9 32.2 14.9
86.2 26.4 13.1
48.9 73.2 12.6
62.9 11.6 11.4
87.3 95.0 5.0
6
36.4 59.0 32.8
86.0 19.7 5.6
94.7 37.5 5.1
61.3 18.5 14.5
90.6 75.4 5.8
85.3 89.1 7.7
6
56.7 91.5 7.4
52.8 43.7 13.1
72.6 8.3 8.3
12.5 61.5 8.6
74.9 80.3 8.6
8.3 18.0 5.2
6
15.7 77.2 15.2
18.9 22.1 18.7
88.4 17.0 10.4
54.6 87.0 10.1
85.7 62.0 9.3
72.1 34.9 8.9
6
72.4 5.7 5.3
79.0 67.6 7.1
62.7 38.3 24.6
31.9 89.7 5.3
11.2 40.8 6.0
24.4 70.9 11.2
6
76.6 68.6 14.5
77.0 34.2 6.0
21.2 9.1 6.6
13.1 74.4 11.4
31.2 37.6 14.7
50.7 15.6 7.7
6
90.6 9.0 8.4
14.6 32.8 11.5
79.3 53.3 8.6
7.0 5.6 5.5
42.4 9.5 8.4
43.4 29.0 5.4
6
86.1 38.4 8.8
43.0 86.3 9.7
38.3 42.9 22.7
22.0 69.8 6.3
10.4 27.2 8.5
88.7 88.2 6.0
5
16.8 22.3 16.6
47.5 56.0 9.9
65.2 7.8 5.5
23.2 55.1 12.3
58.0 77.5 9.2
5
14.9 63.6 13.6
71.0 39.7 25.9
13.0 36.2 6.1
85.2 79.0 5.2
20.0 13.5 11.2
6
62.6 22.5 7.1
70.7 90.5 6.1
83.9 37.7 5.4
94.0 24.9 5.6
35.0 31.7 9.7
7.5 77.3 6.7
6
24.0 56.6 8.3
87.4 76.7 10.2
22.8 26.6 16.3
53.1 80.2 16.1
66.8 47.0 17.7
75.4 17.1 7.3
5
39.1 27.6 18.3
9.5 66.5 6.0
11.2 82.4 8.9
79.0 85.2 11.8
56.1 90.3 6.2
5
54.3 62.0 28.9
81.6 93.6 6.1
16.1 42.5 5.6
10.9 61.1 6.7
57.7 14.2 7.8
6
46.4 20.8 6.0
48.9 67.1 29.0
82.2 89.6 5.0
19.3 37.6 5.5
14.9 56.3 5.6
87.8 5.1 5.1
6
74.9 86.0 14.0
64.7 39.3 17.4
43.1 63.3 13.9
85.5 11.4 10.7
37.8 34.1 8.0
44.3 7.8 6.0
5
83.1 9.4 5.2
61.6 33.7 12.4
88.1 63.2 11.6
26.0 35.3 11.9
79.9 45.5 6.1
6
38.4 46.4 10.5
20.0 78.3 12.6
65.9 46.5 6.5
6.8 16.3 5.4
85.7 29.0 9.6
36.3 5.6 5.1
5
54.9 55.5 25.6
82.4 17.7 6.5
11.2 13.7 8.7
29.5 20.6 7.5
8.0 81.8 7.4
5
17.1 40.0 13.2
76.8 27.5 22.8
9.2 81.0 6.0
45.7 77.6 15.3
47.6 47.4 5.4
5
70.5 52.1 18.4
89.1 10.1 9.1
34.4 23.4 5.4
11.1 34.4 7.5
26.4 82.1 11.0
5
70.4 57.7 29.2
22.3 18.7 17.4
29.7 73.4 8.6
13.7 85.7 9.8
73.6 10.2 7.1
6
11.6 19.5 10.6
69.6 36.6 26.7
48.7 66.3 8.5
35.8 86.5 9.0
14.7 45.4 7.6
62.9 91.1 7.8
5
71.1 55.1 8.9
69.2 88.3 8.6
37.3 20.5 17.3
12.3 36.4 6.3
77.7 26.2 10.9
5
48.9 32.8 32.4
48.1 88.2 9.1
27.2 88.0 11.3
84.9 50.2 6.1
23.3 62.9 7.0
5
72.1 29.4 14.0
78.6 88.9 10.1
19.5 90.5 7.1
27.7 49.7 6.0
52.9 42.4 5.3
6
77.1 12.3 12.2
31.1 11.2 7.0
82.3 61.0 5.6
15.1 37.2 9.4
45.0 79.2 14.0
13.3 68.2 12.7
6
82.2 41.3 15.0
11.8 79.1 7.4
90.7 65.1 8.5
86.1 90.0 9.3
40.3 17.8 11.0
72.2 15.8 8.9
6
48.2 71.8 24.1
14.5 24.4 11.7
14.7 75.5 5.8
87.1 27.9 7.3
8.5 45.2 6.0
82.8 78.9 5.4
6
81.6 83.2 12.4
41.4 22.6 21.1
50.8 64.2 5.2
86.8 59.7 7.9
10.4 76.1 8.8
46.7 87.5 6.5
6
58.1 39.2 31.4
27.1 10.4 5.3
29.1 75.0 7.1
22.9 53.9 6.1
6.2 26.5 6.2
12.3 10.1 5.9
6
45.4 50.1 40.1
93.3 17.3 5.7
7.6 15.0 5.3
93.8 50.0 5.4
75.4 13.7 6.2
75.2 87.6 5.4
6
50.6 54.9 19.5
90.1 73.2 6.3
59.3 17.0 16.8
13.8 60.3 5.2
15.9 18.6 10.1
85.6 20.9 7.5
6
54.9 23.6 5.1
48.2 7.3 5.7
24.0 70.7 15.6
83.6 21.1 7.2
68.6 89.4 7.5
87.4 71.8 7.7
5
22.8 23.5 11.8
34.4 71.3 24.1
8.7 8.1 7.7
85.9 54.5 8.1
69.3 86.0 7.5
6
39.0 60.5 9.8
78.0 73.1 21.3
79.4 8.4 7.3
14.3 73.4 12.4
17.1 19.6 15.4
51.4 89.4 5.0
6
51.7 9.5 7.7
23.2 88.9 9.7
83.5 29.3 7.4
63.9 78.2 13.4
18.6 26.9 12.8
84.2 64.7 6.7
6
49.6 12.2 11.9
82.1 46.1 12.0
62.4 81.1 8.1
16.9 19.8 11.2
12.0 49.1 8.8
86.7 88.9 8.0
5
54.7 52.5 30.0
77.0 8.2 6.0
15.5 53.2 7.6
44.9 7.9 6.9
65.4 90.4 8.1
5
33.8 46.5 13.3
83.3 65.7 7.1
81.7 19.6 17.6
74.3 87.7 8.7
29.7 71.0 11.0
6
82.6 43.2 12.5
84.5 84.3 13.6
22.8 60.9 21.4
17.4 17.0 8.6
53.4 22.3 8.3
56.8 74.1 7.2
6
53.7 75.5 6.9
82.7 84.8 13.1
85.5 39.1 14.3
40.7 42.2 9.3
58.0 88.2 6.4
44.2 17.1 6.1
5
34.1 12.1 5.1
66.8 69.8 23.1
29.9 40.4 14.0
62.2 19.7 5.9
76.7 11.6 5.7
6
11.2 31.5 9.6
22.4 63.0 14.6
76.4 68.1 7.2
72.0 19.5 7.0
51.2 17.8 5.5
86.1 15.1 7.3
6
18.1 39.8 16.9
61.0 87.0 7.7
11.6 74.3 9.8
58.1 63.6 8.8
82.4 20.3 11.6
87.5 40.7 5.1
6
75.1 74.0 16.6
86.5 41.1 8.9
29.1 45.0 18.0
12.3 80.2 12.1
12.1 13.5 7.1
60.6 17.6 5.0
5
87.3 81.1 12.2
71.4 32.4 16.6
6.8 39.6 6.0
67.0 84.4 6.8
40.7 71.6 20.7
5
36.0 84.6 10.7
74.7 77.9 19.0
39.0 49.3 9.3
19.9 39.8 10.6
92.8 47.3 6.4
6
60.3 65.4 26.5
53.0 19.6 19.0
14.6 34.2 12.6
11.9 82.0 5.7
92.7 73.8 5.8
93.2 16.3 6.1
6
31.8 41.9 24.8
38.8 81.5 8.5
72.4 39.3 14.6
14.9 87.2 6.6
82.6 82.5 6.7
92.8 47.7 6.7
6
85.7 72.1 11.0
53.5 65.3 12.0
47.2 19.0 14.2
9.0 69.6 5.5
74.3 42.1 13.3
88.8 91.6 7.6
6
13.9 73.7 11.1
54.7 68.9 7.4
12.3 41.4 11.0
93.2 46.8 5.0
63.3 87.4 12.3
13.6 20.1 6.9
5
59.9 46.4 17.8
16.8 65.9 12.1
16.7 90.2 9.4
19.6 6.4 5.9
78.3 80.4 6.6
6
64.7 32.7 22.6
42.4 65.9 9.1
48.2 87.1 8.9
29.9 41.8 8.9
84.2 89.1 6.7
15.5 93.5 5.7
5
23.2 86.8 10.2
26.4 7.8 5.4
40.6 19.8 12.2
15.9 67.1 5.1
67.1 57.3 20.1
5
63.5 30.1 12.1
11.1 72.9 9.5
58.6 12.5 5.8
14.5 24.8 10.5
57.3 51.5 7.7
6
70.6 71.1 9.7
12.3 80.8 7.7
76.3 21.4 10.9
38.9 41.5 28.6
86.8 44.5 8.8
53.3 80.7 6.9
5
55.5 47.1 25.3
94.3 7.6 5.3
22.8 26.2 12.7
28.3 79.0 7.5
94.9 86.1 5.0
5
27.9 62.7 23.8
88.9 15.6 7.7
30.6 21.9 16.5
67.3 69.8 12.0
90.0 42.6 6.7
6
53.4 24.2 20.1
23.0 12.4 9.0
20.7 89.7 6.6
75.1 56.7 13.7
18.4 61.0 7.1
6.1 19.2 6.0
6
33.4 48.3 9.5
65.5 29.2 23.6
93.8 85.6 5.0
8.2 72.0 7.4
50.7 87.2 8.1
15.0 23.7 7.9
5
40.5 15.5 9.8
27.0 63.9 22.7
65.8 42.1 8.5
82.6 78.2 11.3
12.2 18.6 7.9
5
45.7 56.0 19.5
41.1 17.5 5.8
81.2 91.8 7.2
80.6 78.0 6.5
12.0 73.7 12.0
6
39.2 63.7 23.7
21.1 21.8 6.5
76.9 21.4 13.3
46.1 17.7 7.8
88.3 43.2 10.8
60.7 88.5 5.4
5
41.8 89.4 7.8
13.4 30.9 9.5
78.3 17.9 13.6
42.1 23.7 8.7
71.4 69.7 8.8
5
79.9 55.5 13.2
22.9 34.4 18.6
66.6 82.0 14.9
69.2 20.7 19.8
41.1 9.4 9.2
5
49.9 42.5 19.7
22.1 81.8 16.7
11.5 28.0 9.5
23.6 12.0 6.3
73.6 75.0 15.4
5
86.2 16.3 12.2
77.7 69.4 14.3
23.4 74.2 15.3
35.8 7.2 6.3
61.0 86.1 8.3
5
31.7 38.1 7.7
78.1 72.0 20.5
58.6 93.7 5.2
23.1 79.4 18.9
89.5 39.6 5.5
6
56.1 26.7 24.8
33.5 85.8 8.4
5.6 62.8 5.0
86.4 78.4 5.3
12.3 9.5 7.2
19.2 38.4 12.9
6
58.0 22.9 13.0
86.9 12.4 7.5
83.4 80.8 15.1
32.8 59.4 15.5
85.6 40.3 12.1
9.7 83.4 5.4
6
83.4 60.5 10.1
22.1 79.7 18.4
18.8 33.5 5.8
60.2 52.6 10.9
37.5 31.4 9.5
88.1 84.3 6.0
6
80.9 42.5 13.7
43.6 41.7 16.0
38.8 10.0 7.2
10.4 93.3 6.6
88.4 71.7 8.1
49.5 90.1 9.6
5
29.1 39.9 23.8
42.1 80.5 18.2
77.3 11.7 6.6
88.7 50.2 8.6
86.5 75.9 10.2
6
13.8 20.5 10.9
36.9 71.1 26.7
83.0 51.8 13.8
92.2 10.4 6.2
60.1 15.8 8.6
62.2 40.6 7.0
6
41.2 66.8 6.3
88.4 68.8 11.1
80.7 90.8 6.0
90.9 16.4 7.0
16.5 23.3 6.8
33.3 36.3 11.4
5
18.9 18.7 9.5
66.8 9.1 5.7
69.8 72.1 22.5
79.1 32.3 12.8
45.3 22.0 13.3
6
81.0 43.2 10.1
51.3 39.9 7.5
15.0 40.7 12.1
72.8 87.9 5.2
88.8 87.5 9.4
10.7 93.1 5.3
6
25.5 78.3 6.0
91.4 83.6 6.5
87.3 60.0 12.0
63.7 49.5 11.0
17.2 38.1 13.0
42.7 84.8 7.3
5
32.8 90.0 9.8
50.4 91.2 7.5
10.8 52.2 5.2
52.0 76.3 7.2
88.6 60.7 6.5
5
12.6 35.3 9.9
27.5 73.9 25.9
81.5 21.0 7.4
73.8 87.5 6.7
92.3 45.3 7.7
6
56.8 89.4 5.0
54.5 75.4 5.8
63.7 45.2 17.6
13.8 26.5 11.9
42.6 64.5 8.8
79.1 81.3 11.1
5
21.6 74.1 13.4
83.9 37.1 6.0
73.3 74.2 16.6
55.0 24.1 19.6
20.3 16.0 8.9
5
13.5 61.9 11.4
36.4 53.5 6.6
92.8 92.8 6.9
8.0 41.0 6.5
16.0 7.2 5.2
5
10.6 22.6 5.6
26.3 51.4 25.8
37.9 92.5 7.4
45.3 14.7 9.6
90.5 58.4 8.8
6
22.6 75.0 9.2
81.6 40.4 12.6
16.7 45.9 15.7
56.5 20.2 8.5
10.1 18.9 6.4
59.0 58.3 6.4
6
21.4 23.1 10.2
59.1 10.4 8.8
82.2 77.1 16.4
86.7 27.3 9.1
43.1 55.6 26.0
92.2 49.9 7.7
5
35.5 25.5 7.0
26.9 47.4 7.1
13.8 29.3 9.8
48.1 78.3 15.5
84.1 58.4 15.9
6
82.2 78.1 15.5
37.3 44.4 11.8
16.5 36.7 6.4
87.4 11.8 11.4
38.8 83.8 12.2
90.2 48.8 8.5
6
21.8 73.8 19.7
45.3 54.1 6.1
74.7 21.1 7.7
48.1 25.6 15.3
88.1 81.1 6.3
17.4 7.9 7.2
5
75.6 32.5 11.3
29.6 39.5 22.3
47.9 79.6 11.6
85.3 12.4 5.0
17.9 81.2 7.8
6
44.6 72.6 26.9
59.4 23.0 8.1
21.1 28.1 20.9
61.9 41.1 5.8
82.1 20.1 6.0
81.7 62.4 5.2
6
48.4 92.3 7.3
67.9 57.5 9.2
42.1 21.1 14.1
58.1 9.6 5.0
9.5 44.3 5.2
19.8 57.8 8.4
5
41.9 45.5 33.4
20.7 85.1 5.2
7.8 14.2 5.8
77.8 20.5 9.4
93.2 26.7 6.1
6
48.6 30.9 21.9
49.7 73.2 9.6
75.6 85.6 6.0
81.3 59.9 9.3
90.1 85.3 8.4
14.8 53.1 12.9
5
38.2 31.5 27.2
87.8 16.9 8.0
90.4 43.9 5.3
19.1 91.5 6.5
27.7 74.4 8.0
5
81.6 90.7 7.2
12.1 27.7 11.1
42.4 59.4 23.9
33.0 21.2 6.7
86.8 37.7 5.6
5
19.8 63.1 16.8
85.1 59.5 14.2
78.6 85.7 10.6
77.6 8.8 8.2
46.8 13.8 5.6
5
78.3 16.4 8.9
23.8 19.4 18.0
92.5 25.3 5.8
83.8 80.1 12.3
51.4 47.3 17.9
5
81.5 25.4 5.4
34.9 64.3 28.6
39.0 9.3 7.0
76.7 63.1 5.5
75.7 86.3 11.9
6
58.9 76.0 19.6
29.4 6.1 5.4
7.3 45.5 6.2
39.6 54.5 5.1
28.0 88.0 10.8
81.9 42.1 17.9
5
93.2 87.8 6.3
85.1 16.0 7.0
87.0 51.7 7.5
27.4 15.7 8.0
8.4 87.3 7.9
6
65.6 77.0 5.3
74.1 29.6 10.2
37.9 89.8 6.4
45.0 63.9 11.6
40.1 21.6 19.4
13.5 39.8 9.3
5
91.8 73.7 7.1
25.5 60.6 15.4
61.6 80.4 12.1
28.6 19.8 19.0
92.2 8.6 6.7
6
9.4 37.4 8.6
54.4 56.9 31.5
20.0 13.8 9.2
90.9 91.7 5.4
90.8 68.0 6.1
42.7 11.2 6.0
6
24.3 84.2 5.9
46.2 81.2 10.5
69.8 12.8 10.1
35.2 21.0 10.7
23.3 55.0 19.9
54.2 49.0 7.5
6
81.2 64.9 9.5
36.7 29.9 18.1
20.9 57.4 8.7
13.6 37.6 5.1
60.7 85.1 12.3
69.6 17.2 6.1
5
36.1 80.8 7.0
15.3 59.1 10.7
47.0 20.8 8.8
85.2 35.4 12.0
58.2 88.7 6.9
6
35.6 86.6 10.9
32.7 52.1 16.6
59.0 20.7 13.2
13.1 77.0 9.5
72.1 64.4 15.4
53.6 80.9 5.3
5
64.6 28.7 23.6
82.1 73.0 14.8
49.6 88.8 6.2
30.9 6.2 5.6
32.2 20.5 6.7
6
85.2 10.6 6.2
54.3 84.4 7.1
81.3 52.4 6.9
62.5 21.1 16.0
6.7 40.3 5.1
77.1 75.3 11.7
5
34.3 25.8 19.1
76.5 17.9 6.6
31.9 90.5 6.5
15.5 47.2 9.3
58.0 65.9 13.2
6
31.4 12.4 11.2
78.4 66.1 21.4
82.7 5.5 5.3
7.8 92.2 5.2
19.5 37.3 14.0
44.0 82.0 16.0
5
54.2 65.0 15.0
14.3 44.7 12.8
82.2 32.0 9.5
33.2 84.6 9.3
54.1 19.4 15.7
6
45.3 54.8 27.9
28.6 9.0 8.4
14.2 70.0 5.7
87.4 74.7 10.7
9.9 37.0 7.7
52.9 14.9 5.3
6
50.2 14.0 5.5
67.8 42.2 13.7
27.0 44.1 19.9
86.7 68.2 12.9
36.4 81.6 9.8
17.3 75.3 5.4
6
79.7 21.0 15.2
15.6 19.8 12.2
22.8 69.2 10.5
42.0 72.4 5.4
10.0 38.0 6.7
75.5 73.8 15.8
6
23.3 42.0 12.5
52.4 93.6 5.8
54.2 75.5 8.5
9.1 56.1 5.8
45.9 18.6 18.0
39.2 55.2 5.7
6
45.6 79.2 13.5
66.9 13.6 8.8
73.6 55.8 22.6
16.4 51.1 7.6
89.2 88.5 8.1
44.2 13.9 9.5
6
56.6 18.6 13.8
35.4 67.5 24.8
91.0 55.6 8.9
92.0 77.2 7.2
69.6 89.1 7.6
75.4 35.4 5.3
6
85.9 85.4 12.8
70.1 17.1 9.6
69.3 54.1 13.7
17.6 55.8 7.1
44.6 51.4 9.6
12.5 72.1 9.5
6
62.4 59.6 31.4
18.0 38.5 11.5
33.4 92.0 5.9
42.5 13.1 6.3
53.3 19.7 5.2
25.7 17.8 6.2
6
39.8 82.9 16.0
24.7 26.0 24.6
70.0 32.5 16.2
79.6 76.6 11.6
19.1 65.8 10.1
6.4 50.6 5.8
5
10.1 40.5 8.2
69.1 75.8 22.6
79.3 11.7 9.6
12.6 14.3 12.1
46.0 17.3 10.6
5
33.7 81.5 17.7
78.2 29.3 9.2
7.6 68.1 6.3
91.0 46.8 5.8
25.8 34.5 10.1
6
18.6 8.7 8.6
68.3 56.9 29.1
22.5 40.3 12.8
91.4 88.8 6.2
48.2 24.1 6.1
56.0 9.1 5.4
6
89.2 66.3 5.6
83.0 51.8 9.6
51.8 83.3 12.9
64.9 28.3 7.8
35.2 9.2 5.1
13.2 11.5 5.0
5
73.6 22.2 12.9
31.1 52.6 24.8
85.0 36.2 5.0
84.1 85.5 11.2
89.9 54.6 6.7
5
35.2 73.1 16.6
63.3 63.7 6.7
91.2 81.4 5.5
7.2 50.0 6.9
37.8 28.9 25.9
6
83.5 50.0 12.8
90.4 85.5 5.5
55.2 23.4 11.1
14.9 73.8 9.9
41.4 59.7 6.5
48.6 71.0 5.1
6
87.1 45.3 12.2
18.5 78.1 12.3
39.1 13.1 11.1
22.7 8.9 5.6
42.2 35.5 5.8
70.9 21.0 7.3
6
35.3 65.6 10.9
44.9 82.0 6.2
32.5 32.8 10.5
79.0 51.0 14.9
50.9 37.2 8.0
12.3 75.6 8.5
5
51.7 52.5 17.4
25.0 15.9 7.8
8.7 7.6 6.9
5.9 53.1 5.0
87.1 15.8 11.2
6
23.8 84.5 5.5
12.7 93.1 6.8
26.0 36.0 23.1
80.7 84.0 7.3
55.1 85.1 10.6
56.9 44.4 5.3
6
75.7 71.3 10.1
39.6 55.4 10.4
83.4 89.7 6.8
55.0 6.3 5.3
88.7 24.1 9.3
47.2 92.3 6.8
6
26.8 76.9 11.9
50.1 37.9 31.7
89.8 26.3 5.0
8.5 9.5 5.0
11.8 60.8 6.5
43.3 90.5 5.4
6
70.1 72.5 10.3
27.7 31.4 17.5
10.4 92.8 7.1
29.8 81.4 13.5
82.3 13.7 6.4
22.9 8.3 5.5
5
92.8 69.3 6.2
63.7 67.5 16.9
17.2 6.4 5.8
52.1 26.1 24.2
27.0 63.9 13.1
5
10.3 50.1 9.6
69.8 68.8 7.4
53.5 18.6 16.1
67.5 84.8 8.5
87.3 45.7 11.9
6
15.4 50.6 10.3
43.0 67.2 11.6
81.1 35.3 18.3
24.1 91.4 8.1
37.4 18.6 7.1
72.8 70.2 12.1
5
91.1 92.1 7.9
21.4 33.5 19.5
67.0 87.2 10.4
85.5 53.1 6.6
58.9 43.2 16.2
6
65.4 88.5 8.5
20.0 14.0 10.4
33.5 58.8 25.3
8.3 87.3 8.0
86.7 17.3 12.8
89.1 60.9 9.9
6
50.0 39.6 29.3
78.4 65.6 8.7
91.9 30.9 7.9
22.6 7.7 7.3
45.2 82.0 13.0
23.6 75.2 7.2
6
73.1 68.8 18.4
22.9 47.4 18.4
89.2 11.1 10.0
16.4 84.2 8.4
67.4 13.3 10.9
68.9 34.9 5.2
5
63.1 35.4 7.2
19.5 77.2 6.0
20.4 23.2 17.5
40.5 42.8 8.2
60.3 57.9 6.5
5
14.6 76.2 7.9
51.3 93.9 5.1
41.7 32.9 15.7
93.7 23.4 6.0
31.6 9.6 7.5
6
65.8 15.9 7.4
86.3 34.3 6.1
41.4 42.2 20.6
87.0 56.0 5.1
75.8 84.0 5.4
39.7 77.3 10.0
6
48.6 27.6 21.0
33.3 80.1 8.0
82.4 39.0 12.5
84.9 63.7 10.0
69.3 92.0 6.0
15.4 59.6 5.8
5
80.2 68.9 16.1
34.2 25.3 21.6
32.4 81.5 10.6
82.4 19.9 14.9
9.0 81.6 7.1
5
24.7 66.0 9.3
59.7 14.7 13.8
34.6 33.2 15.8
63.5 80.4 17.6
88.7 32.0 8.4
5
20.1 17.7 11.7
51.2 14.3 8.2
35.8 47.1 9.6
13.7 43.9 5.5
14.8 76.4 7.3
6
17.8 40.1 9.7
50.3 68.5 7.4
77.8 55.4 7.6
90.7 39.2 5.0
43.9 15.6 14.5
12.0 66.1 7.9
5
37.8 48.5 5.7
82.4 90.1 6.5
48.1 21.3 15.6
13.3 8.3 7.4
39.1 70.0 11.1
6
18.5 19.1 15.5
85.7 26.8 7.8
17.8 77.8 12.8
22.5 47.2 10.3
89.1 47.0 9.6
41.9 7.4 5.6
5
45.4 26.4 20.8
75.5 10.6 8.6
38.4 81.3 9.5
90.6 62.3 8.3
9.0 74.4 8.5
6
71.1 17.5 17.1
47.9 55.6 7.7
12.2 53.4 10.5
12.5 19.7 6.8
67.6 56.8 5.3
93.3 58.1 5.6
6
15.0 32.7 7.6
42.7 81.0 6.5
39.8 39.4 9.9
73.9 21.2 8.5
75.0 75.9 11.0
43.6 16.0 9.1
6
50.2 46.2 29.2
75.3 90.8 5.9
23.2 91.8 5.5
87.9 26.5 7.7
14.0 9.5 5.6
12.6 32.8 9.9
6
88.8 68.7 8.8
67.5 26.3 5.8
83.3 10.0 5.9
38.9 31.3 20.2
7.8 35.6 6.1
35.4 74.2 5.9
5
8.4 74.6 7.3
20.6 45.3 10.3
7.5 93.0 6.5
85.2 51.3 5.3
56.3 24.5 17.3
6
80.9 65.8 17.4
37.1 20.9 15.9
72.0 93.1 5.5
63.8 15.3 10.8
22.4 76.6 9.3
18.5 49.0 6.8
6
18.3 86.3 5.5
82.7 66.8 9.5
62.6 44.2 10.6
49.1 15.3 8.5
24.0 31.8 6.3
86.2 37.3 8.7
5
51.9 28.9 16.4
7.1 42.1 6.9
36.0 88.8 10.7
89.5 35.3 5.0
67.7 73.8 12.7
6
90.5 10.7 5.5
26.5 63.9 5.2
49.7 35.1 16.2
21.6 92.9 6.3
23.5 45.8 7.1
12.2 54.4 5.9
5
85.9 40.8 6.5
64.0 75.6 14.9
44.5 31.4 10.3
21.3 10.5 10.4
31.3 91.9 7.1
6
61.5 41.5 31.7
11.9 35.2 9.3
73.8 87.3 6.8
16.3 80.6 6.5
29.5 10.0 6.7
87.4 78.1 5.1
6
75.6 47.3 15.5
80.9 14.5 13.9
10.7 23.0 7.1
42.3 12.0 7.8
21.6 53.2 14.0
40.1 92.7 7.2
5
51.0 53.6 25.0
17.4 41.7 6.6
85.7 20.6 6.1
64.7 17.0 10.7
37.6 89.7 9.1
5
12.4 23.9 10.1
78.4 90.4 5.5
49.6 71.3 9.7
64.2 86.2 9.3
50.5 9.6 6.6
6
55.3 88.5 10.8
64.8 59.4 14.7
30.3 27.0 20.7
86.4 18.2 8.8
70.9 12.9 5.5
92.6 58.3 7.4
6
24.0 30.5 17.7
67.1 28.2 12.6
83.0 56.8 8.2
48.6 80.9 9.5
12.7 70.9 11.8
65.1 63.8 8.1
6
60.0 39.8 11.6
5.6 5.2 5.2
44.4 30.0 6.7
12.4 30.1 5.4
88.9 27.5 9.0
85.0 51.8 9.0
5
54.2 26.1 9.5
70.6 63.9 22.2
69.8 28.5 5.2
25.6 42.6 22.3
60.5 7.2 5.6
5
55.2 24.5 14.2
76.5 42.1 11.3
56.6 72.6 23.3
19.3 67.2 13.7
89.2 14.5 8.4
6
60.2 33.6 30.9
18.7 57.2 9.3
76.1 75.0 5.4
74.8 88.8 5.1
43.3 83.3 9.7
61.8 90.6 7.9
6
19.3 60.1 6.9
92.4 82.1 5.3
71.9 44.0 27.5
54.6 78.4 10.3
24.5 18.1 9.9
85.5 93.5 5.6
6
57.5 35.2 16.5
35.0 76.6 7.3
66.9 84.1 15.1
73.3 7.2 5.2
86.6 16.9 9.9
39.1 11.7 7.7
6
65.3 40.9 34.4
22.3 12.3 8.0
56.9 85.1 10.3
27.9 74.7 10.4
39.9 90.1 6.0
9.9 61.5 6.6
6
67.7 58.2 16.2
37.9 19.3 17.4
88.5 11.2 9.2
25.8 55.2 7.5
9.7 53.9 5.9
11.9 70.8 7.5
5
80.0 70.4 5.7
22.4 90.6 5.0
17.2 50.3 16.6
46.7 83.1 10.2
37.1 11.2 8.2
6
52.2 8.2 5.1
91.5 90.1 7.5
52.6 79.1 9.2
76.2 82.8 9.1
25.2 36.0 21.3
89.2 27.1 10.0
6
20.5 64.4 14.9
19.3 25.0 10.0
80.7 32.3 6.2
76.0 12.4 11.2
71.3 52.9 15.0
87.4 79.6 5.7
5
85.0 23.1 6.7
44.8 50.2 20.8
48.4 9.8 8.9
20.2 72.1 6.1
84.3 80.4 9.0
5
33.3 49.4 20.0
77.3 49.7 12.3
55.6 31.1 6.6
45.4 84.8 7.8
85.9 74.4 13.1
6
68.1 61.9 11.7
34.6 29.2 12.0
88.2 19.0 8.2
20.7 49.5 12.4
23.2 84.8 12.6
86.4 65.6 6.9
5
86.5 55.3 8.8
37.4 77.5 15.9
21.1 34.3 7.2
6.5 58.3 6.1
68.1 31.3 10.7
5
89.8 77.9 7.3
41.8 72.7 10.7
6.2 60.3 5.9
86.3 93.3 6.4
49.3 22.9 6.9
5
40.1 31.3 5.2
24.7 71.9 19.3
65.5 68.9 17.1
53.8 11.0 10.5
6.6 6.4 6.3
6
52.0 30.2 13.5
80.1 51.9 8.8
19.9 10.8 6.1
87.4 72.3 6.5
60.9 11.9 6.2
39.4 91.3 8.7
5
5.6 91.6 5.6
66.2 6.0 5.5
28.2 44.3 13.9
18.4 84.3 6.4
92.5 37.2 7.1
6
40.7 37.1 17.3
13.6 12.4 10.0
93.0 42.5 5.5
76.1 81.9 9.1
47.5 92.5 7.4
12.2 47.9 5.9
6
85.6 45.5 14.2
13.0 21.1 9.4
58.8 8.9 7.7
61.3 77.8 8.2
12.8 86.6 10.8
12.3 53.9 12.1
5
94.3 9.9 5.7
12.4 84.1 12.3
67.5 48.2 16.1
91.5 28.0 6.7
90.9 51.6 6.7
5
20.1 7.9 6.9
27.7 63.2 26.9
71.3 15.7 9.4
68.0 54.3 11.7
88.0 34.4 10.4
6
64.3 82.3 11.8
6.3 51.1 5.8
14.0 6.7 6.7
29.9 68.9 20.4
84.8 57.8 10.5
66.6 10.9 7.0
5
58.9 83.9 10.5
40.9 46.1 6.1
14.2 44.0 12.1
53.3 41.6 5.3
80.3 89.3 7.3
5
62.1 58.8 17.6
23.5 62.0 7.2
60.7 19.2 18.8
49.5 87.4 12.5
91.2 67.1 5.8
5
39.0 43.8 34.5
87.8 63.8 11.2
13.5 79.8 5.2
83.5 28.9 5.7
45.0 87.1 5.1
6
90.4 61.7 6.4
7.3 44.9 6.8
57.5 65.2 7.5
26.3 85.1 13.1
39.0 57.9 9.6
74.1 48.8 6.5
6
67.6 88.4 9.7
32.2 28.0 12.4
82.9 24.4 14.3
9.0 93.2 5.4
17.3 47.6 7.8
30.8 82.8 5.8
6
25.2 14.9 14.4
86.2 67.6 9.1
91.1 30.0 8.7
51.8 13.9 6.6
40.2 65.7 18.1
89.2 47.2 7.3
6
37.4 14.7 9.2
52.4 27.5 8.0
87.9 51.7 11.4
33.3 61.5 11.6
60.8 55.4 10.1
78.0 15.6 5.3
5
75.2 80.3 9.1
65.5 31.0 19.7
32.6 10.6 5.7
47.1 70.2 12.0
31.5 92.1 6.3
5
32.6 29.5 12.2
51.0 42.3 7.4
33.6 59.3 14.0
74.7 62.3 11.3
16.4 16.9 8.0
6
84.6 46.8 5.0
11.7 73.4 7.4
63.6 85.9 8.0
59.7 19.4 12.2
52.9 41.2 5.4
27.6 26.8 17.4
5
70.1 55.5 7.5
43.0 18.8 10.0
20.0 60.9 13.3
15.6 94.2 5.5
59.5 84.3 12.2
6
57.5 30.8 14.8
24.1 28.0 8.7
85.0 48.7 11.5
26.8 48.1 6.4
76.4 86.5 7.8
33.9 68.9 14.6
6
89.0 8.5 7.9
46.0 43.5 7.0
27.2 18.1 13.4
33.2 84.2 5.5
8.3 45.4 6.9
64.9 9.1 7.5
6
16.6 63.0 12.6
76.2 71.0 5.1
50.7 90.4 8.1
27.1 92.8 5.3
15.5 22.0 7.7
91.0 25.0 9.0
5
80.8 25.0 12.8
31.8 55.4 27.5
85.3 86.4 6.5
83.8 73.5 5.4
17.0 23.8 7.3
5
47.9 53.9 28.2
88.2 26.9 9.2
11.4 17.4 6.7
63.3 85.7 6.5
36.3 88.2 5.2
6
47.8 14.7 11.3
60.0 52.1 10.4
67.9 82.5 7.7
11.7 10.2 5.1
14.9 41.9 9.8
20.8 78.5 18.5
6
65.8 80.7 7.4
68.6 17.6 7.2
39.3 54.5 21.7
71.8 58.1 7.8
52.9 89.7 5.5
85.7 77.7 5.2
6
19.9 25.6 19.8
44.3 16.0 5.0
87.1 58.8 8.1
64.0 83.0 16.6
19.2 93.1 5.7
46.6 26.2 5.2
5
90.1 74.5 8.1
30.5 78.1 15.6
18.4 51.5 10.8
79.4 49.7 10.8
16.6 16.1 8.4
6
80.5 70.4 17.6
16.5 62.9 10.4
33.1 83.4 6.9
53.3 69.9 6.7
83.1 31.5 7.9
24.2 30.4 15.8
5
18.3 10.2 8.4
12.3 68.4 8.0
72.6 86.0 11.0
90.2 83.4 6.2
49.5 15.7 14.3
6
36.1 61.7 33.3
87.5 57.5 8.7
82.2 21.8 7.8
62.7 18.7 7.2
8.6 28.1 5.5
84.6 88.8 7.3
5
21.0 24.4 5.5
59.7 47.8 23.5
54.6 82.1 8.8
77.4 74.3 5.1
76.0 89.1 9.0
5
59.3 79.2 12.2
25.2 39.5 9.9
62.7 8.2 5.2
10.5 60.4 8.9
36.4 13.8 13.7
6
54.7 89.8 7.5
24.7 17.4 7.9
13.8 73.8 5.8
38.7 49.4 9.9
65.4 48.1 10.2
34.1 83.5 10.3
5
30.0 61.5 13.6
62.3 35.2 21.4
68.1 89.2 7.6
10.4 93.1 6.3
90.3 42.6 5.9
5
22.8 75.3 20.0
70.6 73.7 6.1
41.3 14.8 12.6
52.0 54.2 8.1
64.6 13.0 8.2
5
44.3 65.6 27.6
87.7 19.5 11.7
21.9 16.8 12.9
88.6 41.2 9.6
12.4 86.6 5.5
5
61.2 50.2 30.4
19.1 68.4 11.3
21.9 23.0 13.6
59.5 88.4 7.5
92.3 11.4 5.4
6
10.4 79.5 10.0
73.6 70.2 19.7
26.7 29.8 18.6
42.1 83.2 11.4
77.7 32.5 10.6
88.4 47.2 5.0
5
14.4 59.0 13.4
7.8 18.0 5.1
69.5 54.9 22.1
75.0 10.4 7.3
14.7 32.4 5.3
6
55.6 14.8 13.9
18.9 9.3 5.9
15.5 40.5 14.1
56.9 76.2 10.8
12.7 86.2 9.4
81.2 36.7 14.0
5
68.3 47.3 24.9
17.5 84.3 5.5
7.0 31.7 5.1
53.4 79.9 8.2
23.5 57.4 16.0
6
78.4 46.4 11.2
66.9 72.8 11.5
66.0 23.0 5.4
24.5 87.4 5.5
41.0 70.1 11.6
33.8 31.9 15.2
6
77.3 66.3 15.5
7.2 93.2 5.5
45.6 64.6 11.5
61.3 23.7 10.4
10.5 53.1 5.2
33.1 32.8 12.8
6
18.0 56.5 11.8
72.5 11.2 6.7
60.5 77.4 20.9
10.1 31.0 6.1
93.1 46.6 6.7
84.0 58.9 6.0
5
34.9 78.7 19.4
82.4 29.4 14.3
89.5 75.5 10.0
18.3 18.7 7.1
23.4 44.4 6.8
5
70.1 52.9 15.4
33.8 59.7 9.7
21.6 16.5 14.4
35.3 42.1 6.7
16.1 82.4 7.4
6
9.7 79.5 9.4
38.9 43.1 20.7
93.7 12.4 6.0
76.3 87.9 10.0
62.4 22.2 10.4
31.1 82.9 11.8
5
22.6 85.2 14.4
50.5 15.9 13.1
85.9 39.7 5.0
88.3 71.0 11.3
12.8 55.8 10.4
5
23.6 81.4 11.4
31.7 22.0 11.3
70.8 53.4 10.9
88.2 53.8 5.9
42.5 55.5 9.5
5
19.8 64.5 6.3
82.0 89.2 10.5
77.1 58.2 19.8
42.9 49.9 13.1
29.0 78.7 9.5
6
47.3 46.0 40.9
7.0 14.6 6.9
87.9 75.5 5.1
94.1 30.6 5.6
74.5 5.6 5.3
90.3 14.6 5.3
6
87.6 26.3 11.4
16.7 85.0 14.4
53.7 75.7 15.5
57.3 16.9 9.2
86.6 57.4 10.1
40.3 20.9 6.8
6
62.3 73.3 25.2
18.0 31.4 9.7
85.9 21.7 10.7
12.9 53.2 6.5
25.5 86.0 12.0
7.5 90.8 6.4
6
73.3 33.6 22.9
28.5 74.8 6.7
79.8 93.7 5.9
55.5 76.1 10.4
37.2 23.8 6.3
29.7 6.9 5.8
6
91.9 13.3 6.4
38.0 55.6 11.3
59.3 19.4 6.8
12.2 52.9 6.5
18.8 25.1 8.4
21.3 42.4 5.7
5
72.0 34.2 6.3
87.1 43.2 10.6
23.8 41.2 12.1
44.1 64.9 13.1
41.2 18.4 11.8
5
41.5 57.8 15.6
60.6 18.7 5.1
14.0 23.7 11.7
79.2 23.3 6.6
76.3 70.2 8.9
6
13.9 31.5 5.0
55.3 29.9 18.3
40.5 49.3 5.1
9.2 75.2 5.4
88.3 18.7 11.4
35.4 88.3 10.9
5
17.3 80.2 9.4
45.7 32.8 21.4
86.0 63.9 13.7
60.6 86.9 7.4
11.9 19.4 7.8
6
77.5 34.4 12.1
31.9 10.3 6.5
43.0 61.8 27.6
79.9 81.9 6.0
9.8 14.4 9.8
45.5 19.3 8.5
6
76.5 28.4 8.1
20.3 45.4 15.2
43.9 83.8 15.6
80.2 62.0 6.8
90.5 82.1 6.8
50.0 16.9 9.6
5
15.8 72.4 8.6
10.1 52.7 9.0
76.7 22.5 9.9
18.8 27.9 14.3
44.0 79.7 15.9
6
87.9 55.0 7.9
82.0 18.0 9.4
33.4 78.7 16.5
81.0 81.4 14.8
24.6 43.2 19.6
9.4 7.7 6.8
6
58.5 68.7 7.8
54.5 14.2 14.2
92.2 12.0 6.9
82.6 81.0 11.9
21.1 65.2 8.2
90.4 41.2 5.1
6
73.9 61.9 8.7
79.8 90.3 8.4
67.0 23.0 11.9
41.7 78.8 6.5
29.6 85.2 5.3
9.5 71.1 5.2
6
37.1 25.6 22.3
83.1 88.4 9.2
63.2 68.9 10.8
48.4 86.3 10.1
35.6 67.5 10.1
8.0 6.7 5.3
5
47.0 90.4 7.0
17.6 50.1 16.9
17.9 25.0 5.2
70.9 65.2 17.9
67.2 16.2 6.3
5
8.8 76.3 7.4
84.1 11.4 8.5
64.8 35.8 16.3
29.1 88.6 7.9
25.1 40.3 11.7
5
17.3 43.4 14.0
62.6 54.8 6.9
52.7 13.1 11.1
83.5 89.7 7.3
9.7 86.1 6.3
5
76.1 26.2 6.9
70.8 75.6 17.9
13.6 45.8 10.4
38.4 90.2 6.2
25.2 64.6 10.8
5
48.7 76.9 8.4
27.4 79.3 11.0
44.1 9.8 5.2
70.0 41.8 17.3
13.5 33.4 9.3
6
44.2 32.8 14.2
31.2 11.4 8.0
79.5 17.1 7.4
15.1 48.6 6.8
15.2 88.0 9.2
56.5 74.8 16.2
6
34.1 74.5 17.8
88.5 53.9 10.7
71.1 27.1 15.8
67.8 85.7 10.3
90.2 84.5 8.8
26.1 31.2 8.4
5
46.1 46.0 26.7
88.0 12.0 6.0
16.4 74.8 12.0
83.5 49.0 6.9
83.7 69.3 8.4
6
34.4 62.5 26.1
18.2 22.0 13.4
56.5 25.5 10.9
75.6 76.3 6.2
88.2 57.1 10.9
63.8 92.2 7.3
5
86.8 64.6 8.0
75.7 30.9 24.2
26.7 7.3 5.2
20.5 49.2 19.5
51.4 75.1 15.5
6
28.0 50.9 16.0
38.0 71.7 5.9
64.5 5.9 5.3
65.8 29.3 9.3
73.7 65.4 10.2
85.9 82.6 7.4
6
25.1 23.1 18.6
85.1 37.8 8.1
65.0 85.9 6.0
9.6 74.5 8.2
64.4 26.8 6.9
22.1 56.9 9.1
6
63.9 87.7 8.4
84.8 36.6 8.0
43.1 34.5 14.5
89.4 62.8 6.4
64.9 13.5 10.4
62.6 59.9 14.6
5
61.7 72.7 25.8
7.1 46.7 6.4
29.4 9.5 5.3
52.4 37.5 7.1
44.5 20.2 10.4
5
77.4 89.2 10.2
45.1 19.5 8.3
83.9 41.1 13.8
19.1 61.6 11.7
46.9 88.7 11.0
6
12.3 56.3 9.3
32.6 21.2 8.3
55.5 82.3 11.9
91.0 84.2 6.6
38.3 50.0 10.8
14.1 15.0 5.8
5
10.3 60.1 5.9
83.8 43.0 12.3
25.2 49.7 9.4
60.1 79.0 16.1
19.5 18.0 8.4
6
36.0 64.5 16.9
69.4 12.0 11.9
75.3 44.5 12.0
77.6 89.0 6.4
47.1 33.8 6.1
22.1 15.4 7.3
6
79.9 79.7 8.2
53.9 78.7 13.6
85.5 44.6 11.3
22.2 24.3 13.2
15.6 81.5 9.2
21.1 49.8 10.8
6
48.2 85.5 7.2
32.7 30.3 24.7
68.6 86.3 9.3
20.3 72.1 6.7
11.4 59.2 6.9
31.1 80.4 5.7
6
16.1 54.4 9.2
55.7 9.3 7.7
82.8 78.3 15.2
41.8 93.7 6.0
57.1 74.1 5.3
18.1 81.6 8.4
5
69.2 26.3 6.0
29.4 30.3 11.6
65.4 77.1 12.5
46.9 63.9 6.7
29.2 81.6 7.7
5
42.0 79.8 10.2
58.8 11.2 8.5
42.7 13.0 5.1
9.8 32.0 5.9
43.1 41.8 5.2
5
37.6 54.2 13.3
85.0 6.8 6.6
8.5 77.0 6.3
60.1 70.9 14.5
13.1 31.7 13.1
6
26.2 75.1 13.7
71.4 20.4 14.1
30.0 25.3 12.1
56.1 72.0 8.2
18.1 8.4 8.0
44.9 90.8 8.8
6
71.4 76.3 18.5
31.1 76.6 21.5
88.4 14.1 8.6
88.8 47.0 10.3
40.0 20.8 9.2
67.4 28.1 8.6
6
57.7 58.0 26.9
21.7 29.4 16.8
89.3 34.1 5.6
14.3 71.2 9.9
33.0 7.5 5.0
91.5 20.7 7.4
6
44.5 62.6 7.5
24.5 85.4 9.6
35.5 36.4 7.9
76.4 93.6 6.1
66.4 76.9 6.1
66.6 37.7 8.0
6
36.2 19.2 12.8
31.4 73.7 9.5
64.5 53.0 17.0
90.2 13.2 7.7
16.0 91.0 5.1
87.4 71.5 5.1
5
25.8 83.0 16.8
71.6 88.0 8.5
16.5 16.4 13.2
71.7 12.9 6.9
87.6 27.9 10.8
6
37.1 34.1 27.0
93.4 75.9 5.1
8.3 54.5 5.0
89.3 51.7 10.4
44.0 81.0 12.3
73.0 7.2 5.6
6
9.8 78.6 5.1
43.5 43.1 10.2
55.9 69.1 18.3
39.4 15.0 6.3
73.8 91.3 8.1
33.4 90.0 9.8
6
47.3 88.7 9.1
27.6 29.0 24.9
83.3 61.5 14.0
70.4 7.1 6.0
85.2 91.9 6.5
75.3 24.3 6.9
5
73.9 78.8 16.8
46.6 33.0 12.6
18.4 15.8 5.3
20.4 41.6 6.3
18.8 87.0 9.0
5
51.4 77.7 18.2
41.4 34.5 22.4
6.4 29.5 5.6
87.1 57.1 11.7
77.1 38.5 5.5
6
24.9 85.2 12.0
87.5 44.3 6.2
88.7 28.0 6.3
69.8 83.0 11.7
48.4 19.3 17.4
90.9 91.9 7.6
6
24.9 32.6 9.6
48.2 69.4 13.8
6.7 22.2 6.1
69.8 40.2 8.6
53.4 7.4 5.3
70.2 86.5 10.9
6
76.5 45.0 8.0
10.5 24.5 9.9
52.5 57.4 11.1
69.5 77.9 13.7
51.5 29.3 17.0
17.0 49.9 7.2
6
20.7 18.8 12.4
12.8 60.6 10.0
33.2 85.2 10.2
63.1 82.3 13.9
82.3 62.2 12.1
20.6 42.9 5.3
5
45.0 15.1 9.4
16.5 15.8 14.0
85.8 24.2 11.1
13.8 78.0 5.2
92.3 70.6 7.4
6
62.0 36.7 33.8
11.7 81.3 7.7
47.1 86.2 10.9
20.6 94.0 5.2
84.1 87.1 10.9
16.5 58.9 5.5
6
66.0 5.4 5.2
89.4 14.9 9.6
55.4 45.2 12.9
41.7 73.0 7.6
40.0 86.5 5.1
9.8 89.2 8.1
5
51.7 32.1 7.9
73.7 32.8 9.0
27.6 82.0 13.7
26.3 17.3 13.5
49.4 83.3 7.3
6
83.9 35.8 7.1
24.4 28.5 14.8
74.0 79.3 14.4
15.5 49.5 7.9
36.2 60.0 9.1
50.6 88.2 5.5
5
83.8 73.3 11.3
55.5 61.4 19.4
19.5 67.5 16.0
39.2 5.3 5.1
81.3 5.9 5.4
5
84.4 51.4 10.9
46.6 16.1 5.8
37.9 54.7 22.3
93.3 23.7 6.4
84.2 86.9 6.0
6
28.8 29.5 13.8
70.3 52.9 15.0
64.5 8.9 8.6
42.5 74.4 19.5
82.8 16.9 10.0
25.3 7.8 7.0
6
24.0 42.4 6.2
42.8 72.3 8.4
8.6 54.7 6.9
45.3 34.4 6.5
71.1 7.4 6.6
71.0 67.5 18.4
5
29.3 47.3 27.7
68.7 28.8 14.4
41.9 81.1 8.1
17.7 85.7 7.1
53.0 9.8 5.6
6
18.0 16.0 15.8
24.0 70.9 15.9
64.8 66.9 8.5
79.8 22.7 15.6
31.9 41.8 13.4
53.7 25.0 5.4
6
78.0 17.4 16.1
7.3 62.5 6.0
12.6 37.7 12.0
25.4 90.6 6.9
78.2 82.8 10.8
63.0 52.6 16.6
5
21.0 46.5 12.3
43.3 86.5 10.0
76.1 39.7 21.0
12.1 24.9 6.7
72.6 89.4 6.7
5
50.2 44.2 27.5
90.2 11.5 7.3
93.4 59.5 5.7
42.7 82.8 10.6
68.1 85.6 6.5
5
72.0 15.3 11.5
35.7 84.4 6.0
84.5 52.6 12.1
30.8 12.3 6.7
18.5 92.8 7.0
5
62.9 49.2 22.9
18.6 17.8 6.0
40.8 78.9 13.1
83.5 9.9 8.9
11.0 41.9 5.0
5
19.7 37.6 6.3
77.7 90.8 5.8
16.4 87.0 5.5
38.7 51.6 11.8
70.0 30.7 11.1
5
76.7 21.7 18.6
63.1 86.3 7.8
90.3 72.4 6.3
41.8 92.4 7.5
35.8 41.9 10.9
6
72.9 86.4 5.2
62.5 11.3 7.2
49.1 86.3 6.4
37.3 36.8 7.6
61.0 52.4 10.8
91.5 39.5 5.1
5
11.2 82.9 8.9
68.7 31.0 8.5
52.0 8.7 7.9
80.4 72.0 8.4
20.1 48.2 8.2
5
70.1 61.2 12.3
86.7 21.7 7.4
41.9 30.8 20.5
12.1 45.2 6.2
86.6 43.2 8.0
5
72.3 85.6 6.0
52.8 10.9 9.9
90.4 86.0 8.1
6.9 30.3 5.8
48.4 74.4 19.2
5
71.2 41.7 7.0
44.1 36.1 9.9
24.6 65.5 8.4
49.7 94.2 5.5
24.7 15.2 14.3
6
55.5 81.7 6.5
30.4 9.6 6.0
59.6 37.0 30.4
11.9 80.6 9.6
15.0 28.6 14.3
77.6 76.4 5.0
5
51.7 48.9 34.0
94.2 94.1 5.6
11.9 74.2 7.7
84.3 7.3 6.9
7.1 48.6 6.2
5
14.5 76.1 11.3
75.4 24.5 14.4
79.8 73.1 14.9
23.2 25.5 11.6
43.0 63.2 17.2
5
81.3 17.4 6.9
46.4 43.9 12.3
52.5 90.0 6.1
21.3 61.0 9.4
12.4 42.1 10.8
5
8.2 84.7 5.4
28.5 64.7 9.8
64.7 86.1 10.6
74.6 50.0 11.3
93.1 34.0 6.6
6
51.0 52.3 28.7
13.2 92.9 5.0
86.9 30.1 6.0
23.6 13.5 5.7
73.8 20.8 6.3
18.7 75.8 5.6
6
88.2 20.9 10.8
65.2 90.6 6.5
30.9 32.3 14.1
93.0 78.0 6.9
21.1 76.4 10.5
18.6 7.7 6.1
5
7.6 71.3 6.9
28.6 70.3 12.1
56.6 13.9 10.7
81.1 34.3 5.5
64.8 73.6 6.8
6
28.7 56.3 17.8
51.3 22.2 10.9
80.5 16.7 14.4
40.4 81.6 7.0
27.5 12.0 7.0
74.4 77.9 9.6
6
45.6 85.1 8.2
75.4 51.0 16.7
15.7 38.0 12.7
47.6 25.0 18.6
20.2 91.2 8.5
72.5 90.1 7.8
5
59.1 75.4 22.5
40.2 27.5 9.9
12.1 38.1 8.8
64.5 34.2 6.4
87.0 30.4 9.0
6
40.7 38.6 35.9
82.3 73.3 5.5
43.2 87.2 6.4
74.4 6.9 6.0
66.8 90.3 5.1
92.5 62.4 5.2
5
45.8 23.6 17.9
68.1 50.4 5.1
73.5 82.2 14.7
83.6 36.6 12.6
20.1 43.6 9.5
5
19.2 43.7 13.6
82.0 39.4 14.9
64.7 23.5 7.8
72.3 85.8 5.2
8.9 90.2 8.1
5
72.1 30.1 7.9
60.7 9.4 9.3
50.6 86.7 9.2
15.5 18.8 13.7
64.4 58.3 19.7
5
74.9 36.6 15.5
26.5 32.7 16.6
52.3 91.3 7.5
82.9 82.0 15.3
64.8 65.2 8.5
5
53.0 31.1 23.3
74.5 80.6 11.5
18.7 94.1 5.0
13.8 30.2 11.7
18.6 63.5 6.9
6
51.7 72.5 24.5
37.6 22.2 20.5
68.9 19.0 7.1
21.6 89.1 7.4
72.3 93.9 5.0
90.3 69.0 9.7
5
68.8 7.1 6.1
69.3 86.5 5.7
11.9 62.1 5.1
46.1 66.8 11.6
17.2 33.2 12.7
5
17.9 52.1 5.6
24.0 72.4 12.8
71.2 38.0 16.5
57.5 83.9 15.8
7.2 57.5 5.6
5
10.9 39.9 8.6
56.7 55.2 26.0
61.6 11.7 7.5
77.2 88.4 6.9
22.5 93.6 5.9
5
6.5 29.7 5.6
33.6 69.8 10.3
49.8 18.1 8.3
70.6 56.8 9.7
33.6 42.9 7.1
6
90.4 73.2 8.9
40.7 34.9 5.8
49.8 94.0 5.0
68.8 59.8 7.9
15.4 65.9 11.7
77.9 37.2 16.1
6
15.8 29.4 15.2
67.5 80.0 11.6
18.4 58.5 8.4
12.3 88.7 10.3
89.5 60.5 8.2
59.8 13.6 10.3
5
5.9 92.4 5.3
43.0 70.4 9.0
36.7 29.2 27.5
67.6 85.7 10.5
78.9 57.1 12.9
6
62.8 90.0 6.0
44.3 30.3 23.2
88.5 57.1 7.7
30.2 63.5 5.2
7.2 31.0 6.9
23.2 94.4 5.1
5
41.1 39.2 12.1
9.6 83.4 7.4
71.1 22.2 21.1
68.9 79.1 10.6
30.4 77.1 13.1
5
46.4 46.3 5.4
39.4 92.0 6.2
42.6 76.1 9.2
32.0 54.4 10.5
46.1 27.2 8.1
6
12.6 28.7 11.7
34.8 61.3 15.0
83.8 85.9 10.2
90.3 36.2 6.5
66.0 23.3 16.8
21.5 10.2 8.7
5
60.1 48.9 14.9
16.2 70.2 6.3
64.4 76.5 5.6
19.6 17.4 16.7
5.2 40.8 5.0
5
36.3 30.7 6.9
74.0 87.3 5.7
92.0 64.5 5.6
58.3 29.4 7.6
39.7 69.0 13.4
5
83.5 36.5 12.8
34.5 29.9 25.9
14.0 78.4 9.8
86.7 72.4 12.6
39.3 70.9 9.6
5
13.3 38.6 10.1
46.9 76.8 19.2
78.7 70.9 5.2
74.0 35.7 8.7
23.6 17.6 6.1
5
54.7 13.5 10.9
16.6 39.1 8.5
15.7 90.3 5.0
86.6 18.4 12.9
44.0 63.9 25.8
6
64.3 64.0 22.4
90.3 82.5 5.7
40.5 7.0 5.8
13.7 84.5 6.6
62.8 9.9 5.5
67.0 28.6 5.9
6
32.8 39.1 9.9
90.7 47.3 7.6
87.2 75.5 9.8
94.1 9.3 5.3
66.8 27.4 11.9
37.9 22.6 7.3
6
53.4 56.6 14.4
48.8 88.8 7.3
10.7 69.5 8.9
43.2 21.5 10.7
84.7 21.1 6.5
30.9 94.4 5.1
6
52.6 69.3 13.3
43.5 9.3 5.0
81.3 52.6 11.1
90.7 78.4 5.3
48.1 90.8 6.1
31.1 22.4 6.6
6
63.0 33.3 12.1
74.9 93.8 6.0
41.4 79.4 19.1
18.0 29.5 11.6
12.5 47.9 6.2
73.6 54.3 9.7
6
62.0 50.6 30.2
11.6 81.2 7.8
27.1 14.9 13.5
75.8 12.8 5.1
19.1 57.8 11.8
56.6 92.9 6.1
5
53.5 42.4 9.9
88.8 60.0 7.2
49.6 6.1 5.3
22.1 25.6 5.4
71.8 21.8 11.1
5
23.9 44.2 17.2
77.7 64.7 5.7
10.4 6.9 5.4
94.3 93.7 5.1
72.0 81.5 5.9
6
74.3 20.1 17.4
47.0 17.5 6.9
47.5 58.1 24.5
20.3 15.0 5.0
76.8 85.6 14.2
11.8 41.1 11.5
6
25.5 17.6 15.6
63.8 51.5 18.5
45.0 27.6 6.2
17.7 78.0 14.4
93.2 83.0 6.2
63.0 84.7 11.0
5
78.3 61.8 18.9
28.3 44.3 20.9
82.3 15.0 8.9
65.9 36.3 8.3
52.5 80.6 6.4
5
22.5 64.1 9.9
61.8 89.4 7.9
90.7 49.8 6.5
26.9 84.1 5.5
79.3 86.8 6.1
6
78.9 55.8 17.6
44.0 84.5 8.0
12.7 83.0 5.7
55.0 19.4 16.1
8.2 46.6 6.6
84.3 20.2 10.5
5
29.9 39.5 11.0
86.2 40.8 8.5
32.0 15.8 8.7
71.9 92.2 7.2
93.1 81.0 5.6
6
74.1 62.0 15.4
16.1 57.0 13.5
49.0 77.5 7.2
58.6 10.7 6.1
91.4 45.5 5.8
38.2 32.2 16.3
5
26.3 80.4 7.0
31.8 27.2 5.7
8.2 80.6 7.3
52.8 88.8 5.5
20.2 38.3 6.7
6
43.0 64.2 24.7
84.1 84.9 11.8
80.4 13.6 10.9
25.4 13.0 11.7
10.8 37.4 8.3
55.0 9.5 7.4
5
76.1 60.7 12.8
84.8 19.1 10.9
15.4 42.4 8.7
40.4 49.9 15.9
92.1 86.2 5.9
6
13.1 28.5 6.4
61.9 52.5 9.2
67.5 88.9 9.9
33.2 15.9 8.3
89.3 65.7 7.7
41.1 46.5 5.4
6
46.5 43.7 30.9
12.3 23.8 6.3
84.7 76.0 15.0
14.3 76.9 8.9
91.3 44.8 8.6
93.4 19.0 5.5
6
70.0 32.6 23.7
11.6 40.9 6.7
48.8 85.1 7.9
74.3 91.2 6.9
13.4 73.2 8.1
31.3 16.5 6.6
5
60.1 28.7 16.2
31.5 39.1 13.4
73.1 74.1 5.6
66.3 84.3 5.1
87.5 56.1 11.4
6
56.9 26.0 20.0
88.7 80.8 9.7
29.9 73.7 5.2
12.5 56.7 5.5
13.4 13.9 10.4
13.2 84.5 11.3
6
18.2 76.3 7.0
50.8 50.8 30.0
12.2 30.0 9.3
65.6 15.4 5.6
90.6 90.3 5.7
93.5 6.1 5.9
6
81.0 44.6 10.7
33.9 24.2 7.3
86.6 69.7 5.1
17.6 48.5 13.1
66.1 16.2 8.8
65.3 62.7 8.3
5
78.9 36.5 7.3
43.0 41.3 7.1
28.8 88.0 9.3
21.5 50.0 7.0
15.6 9.4 7.4
6
60.8 61.4 13.5
52.0 13.5 8.7
15.8 58.3 8.3
27.7 18.9 8.4
53.9 38.0 7.6
88.5 49.1 6.5
6
21.5 82.3 7.5
22.5 48.1 7.2
78.8 42.0 7.2
77.8 67.5 5.1
15.5 22.8 15.4
36.2 65.8 5.3
5
71.3 67.0 23.6
20.3 41.8 7.0
16.7 15.1 9.5
70.0 18.6 13.1
8.6 74.9 7.4
5
53.0 90.4 5.1
26.4 16.0 13.3
87.7 35.7 9.9
61.6 65.4 6.0
20.7 76.0 5.9
6
71.0 17.7 17.2
42.8 44.7 8.9
27.9 59.3 7.3
9.6 51.6 5.9
28.9 13.4 9.1
42.0 75.0 12.5
5
73.3 9.9 6.3
93.1 34.0 6.9
9.6 64.4 8.7
68.4 76.5 21.1
41.0 14.3 7.1
5
13.2 75.3 12.6
27.2 42.3 20.5
69.0 73.3 21.2
88.9 32.2 8.9
65.6 15.7 5.3
6
43.3 33.3 7.9
46.7 84.7 10.6
23.6 11.1 8.8
13.0 54.4 5.1
78.1 50.4 16.2
88.6 15.5 7.1
6
84.1 32.5 6.4
28.9 47.9 18.2
57.2 80.1 7.8
85.2 81.7 5.2
17.5 6.7 5.8
51.8 25.1 12.7
6
46.7 65.8 8.0
17.0 18.9 13.2
80.9 31.0 17.6
20.1 73.5 16.1
87.4 91.5 5.2
63.2 86.7 12.5
5
21.3 9.6 8.4
8.7 57.9 5.5
83.5 30.2 15.5
24.8 78.1 12.6
62.4 74.3 15.2
5
63.6 30.1 26.1
20.7 42.0 12.8
29.2 78.0 19.0
90.5 92.2 7.1
35.9 9.2 6.3
5
24.8 75.9 20.4
80.7 84.1 11.1
48.7 10.4 7.4
16.9 16.7 14.3
80.9 52.4 10.6
6
40.1 88.2 5.9
30.3 39.5 27.5
90.6 44.3 8.1
81.1 10.9 9.1
75.6 76.8 11.0
38.0 73.7 6.7
6
78.8 40.2 10.0
86.7 62.9 9.6
65.1 91.8 7.3
12.8 26.3 7.8
48.7 68.5 17.1
89.5 17.3 9.6
5
29.8 65.0 12.0
77.5 29.1 11.7
7.4 20.9 5.5
48.9 93.3 5.4
44.3 10.7 5.7
5
17.6 68.0 17.6
54.5 22.3 12.2
30.7 30.1 11.3
89.8 13.6 7.8
69.1 73.0 14.7
5
72.3 59.6 15.7
29.2 90.4 6.7
76.3 20.7 20.3
28.3 43.9 20.4
74.5 88.3 7.5
6
40.2 48.3 6.9
30.0 13.7 13.7
71.0 72.0 5.7
68.3 46.1 13.4
48.5 77.6 6.3
86.8 40.9 5.7
6
61.5 79.5 17.1
23.5 18.5 10.2
48.3 54.7 6.2
78.5 30.3 13.5
31.0 46.7 12.5
12.3 77.8 7.8
6
67.3 9.1 6.7
43.7 69.7 25.9
40.3 16.0 11.3
14.8 91.8 6.3
63.9 27.0 10.7
86.4 17.5 5.1
5
69.7 12.0 10.8
9.9 38.3 7.3
13.8 18.4 12.9
44.8 68.1 26.7
92.1 52.0 6.3
5
6.8 48.5 6.4
28.4 82.7 9.5
57.1 69.5 11.7
51.1 13.9 8.7
30.5 11.0 9.4
5
90.5 54.3 6.6
70.7 75.7 8.6
7.6 71.7 5.3
56.2 37.1 27.6
29.6 86.5 7.8
5
46.8 88.7 9.0
40.8 58.9 15.1
76.1 77.1 12.1
32.5 6.0 5.0
16.5 85.0 13.0
6
68.4 59.7 10.5
61.8 17.8 10.4
18.9 72.8 7.8
16.0 21.9 6.3
85.5 75.4 6.0
89.4 92.3 5.2
6
16.0 72.6 14.8
19.6 16.6 11.9
92.9 10.8 6.2
35.4 28.9 7.7
73.0 75.5 13.7
62.2 16.0 8.2
6
62.5 72.7 7.0
81.2 36.9 12.3
16.8 65.2 9.7
36.3 63.8 8.8
29.5 31.3 9.0
91.7 54.2 7.4
5
6.6 60.6 6.2
89.2 35.7 10.7
20.7 19.3 16.3
69.9 84.8 14.0
36.3 84.2 13.3
6
41.2 43.8 36.6
68.5 5.9 5.1
52.9 89.9 5.4
14.7 84.5 7.1
65.3 82.2 6.1
83.9 11.1 6.4
5
74.4 15.4 10.8
14.0 19.6 8.9
14.2 91.3 8.0
83.7 31.0 7.0
71.4 79.2 13.7
6
81.0 58.9 5.6
65.8 19.8 10.4
62.2 71.2 7.1
38.2 47.2 16.7
35.1 9.4 8.5
50.4 8.7 6.4
5
76.7 61.0 17.7
92.0 17.5 5.0
23.4 68.7 12.3
34.2 40.7 16.0
70.0 30.0 13.5
5
69.0 63.8 30.9
23.7 82.9 14.5
60.0 8.7 5.8
8.7 28.0 5.3
19.2 16.4 6.3
5
16.3 61.4 15.0
44.5 22.5 13.3
31.9 7.9 5.0
84.3 19.7 11.3
19.3 14.2 8.0
6
8.2 79.5 6.0
74.4 62.9 8.3
11.0 26.1 7.4
28.6 59.6 13.0
38.5 25.9 13.7
26.7 89.9 8.0
6
53.2 48.4 5.5
62.7 24.2 10.0
20.0 77.5 7.2
73.9 85.7 11.0
34.9 15.8 5.6
89.6 33.2 9.4
6
42.7 65.7 28.5
85.8 89.9 5.9
79.5 44.9 8.4
90.0 15.2 9.8
19.1 22.8 7.2
53.6 15.0 8.0
5
32.0 18.3 9.3
32.6 64.0 24.0
77.7 84.8 8.9
77.2 62.9 9.3
45.0 7.1 6.0
5
16.7 56.2 12.7
47.9 83.3 8.2
89.3 47.2 5.1
5.5 25.9 5.2
92.5 57.4 5.3
5
56.6 43.5 38.5
11.5 82.0 7.3
72.9 86.9 5.4
25.3 92.5 6.0
36.1 85.0 5.1
6
18.9 53.8 15.6
78.5 72.1 12.3
89.4 37.8 6.3
92.8 11.2 6.3
50.5 12.9 6.3
50.0 83.0 5.1
5
20.3 44.2 5.3
54.4 22.9 13.3
36.4 67.4 16.7
29.2 24.1 11.6
85.4 46.0 13.5
5
48.2 13.0 10.1
28.7 58.4 25.9
92.4 30.5 7.4
20.3 15.1 5.4
90.0 76.9 5.0
5
59.3 75.1 9.4
72.0 21.1 17.5
49.8 37.6 5.9
91.0 60.7 6.2
89.8 90.9 5.8
6
76.5 71.8 16.2
17.8 50.8 16.7
57.5 31.8 15.8
55.9 90.2 5.2
15.0 88.5 6.3
82.1 37.3 9.4
6
78.5 56.2 14.8
46.3 51.7 7.2
43.6 94.5 5.1
60.9 23.2 9.6
15.2 66.3 14.0
33.8 21.3 15.9
5
26.3 24.8 16.8
66.9 15.9 9.3
87.0 83.1 8.2
32.1 55.1 11.6
25.5 82.9 12.5
6
35.8 74.9 7.0
23.9 53.7 17.2
76.1 84.5 7.9
19.4 15.0 6.8
89.8 12.5 9.1
76.3 26.2 8.5
5
51.8 45.7 9.0
77.4 17.3 14.9
82.1 71.5 15.6
33.0 16.8 7.9
36.3 85.0 5.8
6
62.6 49.2 31.9
24.6 82.6 8.6
76.3 5.6 5.3
9.4 71.4 8.5
7.1 46.3 6.7
33.4 94.3 5.7
5
69.6 51.1 11.5
9.7 67.1 7.4
91.4 77.7 7.8
49.7 88.0 11.7
6.3 20.6 5.1
5
70.2 62.2 25.0
15.5 81.9 6.7
55.0 18.4 6.6
33.6 72.5 7.0
22.9 93.4 5.7
6
78.9 34.8 17.9
34.5 27.6 20.8
5.4 41.3 5.3
52.2 77.3 5.1
57.1 59.6 11.2
74.6 77.4 5.2
5
59.3 48.7 19.9
34.9 18.9 18.3
18.2 62.8 18.2
65.9 79.9 5.7
62.1 11.3 7.0
5
31.0 24.2 12.9
41.6 63.2 26.0
10.3 47.5 7.5
71.0 31.6 12.1
9.6 15.2 7.8
5
11.4 53.1 5.0
19.9 9.1 6.5
82.6 17.6 10.9
55.9 67.7 16.3
87.1 75.4 10.7
6
21.4 56.5 5.0
15.8 77.5 12.6
87.0 77.0 12.6
44.1 30.3 6.9
73.3 40.3 6.5
43.6 59.9 13.4
6
73.9 21.1 12.8
31.9 56.7 24.5
90.2 52.0 6.6
89.3 85.2 9.1
50.0 26.4 5.7
87.0 37.2 5.7
6
69.2 75.9 9.7
15.2 90.5 8.3
14.9 18.1 14.3
62.1 6.1 6.0
91.6 11.3 6.6
61.9 36.6 6.9
5
69.0 60.9 16.3
70.8 18.0 12.9
28.5 69.2 6.1
15.9 64.4 5.6
33.9 85.4 10.4
6
77.0 28.2 18.4
78.7 57.0 8.6
32.5 18.5 16.8
42.6 55.8 17.6
80.6 90.4 9.1
12.7 66.9 7.8
6
14.3 52.8 6.3
66.4 84.0 5.2
28.0 77.9 20.7
92.7 63.0 6.4
25.3 21.7 10.4
72.8 29.9 17.8
6
65.7 18.3 7.3
25.7 55.9 15.9
51.0 71.4 5.9
41.0 22.6 13.9
89.9 15.6 5.1
63.4 57.5 10.4
5
25.3 11.7 10.8
26.9 86.1 10.4
52.5 91.4 6.2
73.0 16.6 13.2
68.6 50.0 17.6
6
54.4 9.1 7.2
46.3 60.4 36.7
84.7 6.9 6.8
91.5 32.2 7.5
33.5 11.8 10.3
69.3 8.2 5.0
5
71.8 37.5 10.0
65.0 91.9 6.0
18.2 55.0 8.3
43.4 67.1 5.0
29.5 80.7 6.2
5
48.6 82.8 13.0
79.5 27.1 13.5
10.0 81.3 10.0
32.6 14.2 8.7
66.2 59.2 15.9
6
59.6 77.9 6.9
19.5 43.0 19.2
82.3 43.6 14.3
65.0 14.6 10.1
89.3 68.6 6.1
45.8 54.0 8.4
5
70.8 56.5 28.3
9.9 29.6 5.8
25.5 85.0 10.9
21.5 11.5 8.4
83.8 20.6 9.6
5
50.8 89.5 7.6
65.0 58.2 5.1
48.5 54.7 10.4
19.1 27.3 9.0
35.9 79.4 10.0
5
42.2 36.3 21.1
11.5 43.2 9.2
88.4 65.2 8.6
82.5 26.0 6.5
71.4 91.7 6.8
6
76.0 35.0 22.8
42.5 72.1 8.2
5.4 75.0 5.1
20.2 70.7 6.9
27.2 37.8 23.4
47.2 88.3 7.3
5
10.3 30.8 7.1
55.9 25.1 10.7
18.1 62.0 18.0
92.1 54.3 7.9
43.3 79.7 7.5
5
17.9 54.3 13.0
53.8 71.7 12.5
19.0 31.9 8.7
80.7 47.4 12.7
83.0 80.6 14.8
5
57.1 18.1 16.8
80.4 55.6 5.3
25.6 49.7 6.0
67.3 88.5 7.5
16.3 28.7 15.6
5
37.9 81.5 9.9
8.6 18.3 6.2
43.6 20.8 6.8
90.8 9.6 5.1
21.4 12.2 5.3
5
26.7 66.6 13.7
71.2 37.1 23.4
56.2 89.2 5.1
49.9 76.4 5.2
39.6 12.0 5.2
5
87.6 16.5 11.3
85.8 56.2 7.1
21.2 69.9 17.1
74.3 38.1 6.7
62.5 76.6 17.0
6
77.8 44.8 11.2
25.5 41.0 16.1
56.7 84.5 5.5
13.6 12.9 12.0
79.2 7.6 7.1
92.2 78.4 6.0
6
86.3 68.6 12.7
44.3 18.3 6.5
19.7 43.0 15.2
73.9 20.4 14.8
42.3 82.3 8.7
65.8 51.2 6.4
5
49.2 31.0 12.9
15.1 69.7 6.7
75.3 8.2 7.9
10.3 11.3 6.2
9.9 29.1 5.9
6
20.2 83.7 14.1
82.0 47.5 17.9
7.9 51.5 7.9
45.5 18.4 9.8
15.0 63.6 6.1
18.6 31.8 8.7
6
36.4 48.7 22.1
80.7 26.0 15.7
42.7 9.7 9.0
50.4 87.4 5.2
69.7 89.0 11.0
5.5 25.1 5.5
6
53.6 32.3 31.4
86.4 6.8 5.7
13.1 57.7 6.7
19.9 46.4 5.0
73.1 74.8 14.6
92.1 54.2 7.9
5
16.8 35.3 8.0
81.1 61.9 11.3
83.4 8.8 7.2
23.8 10.7 6.6
53.9 18.3 16.4
5
82.9 40.0 14.9
69.3 90.9 5.9
35.9 78.2 10.4
8.1 79.6 7.4
87.2 81.3 8.5
5
33.3 72.4 21.5
47.3 31.2 5.9
89.3 61.6 10.4
21.6 40.4 5.5
29.7 13.2 12.4
6
46.2 17.9 16.5
80.9 87.1 11.5
39.0 86.0 13.7
91.1 46.6 8.0
15.3 69.3 5.5
15.3 52.3 7.2
6
73.4 53.9 16.2
40.7 74.9 20.7
52.4 26.0 11.5
86.7 14.4 12.8
44.4 10.5 5.0
85.0 74.4 5.3
6
26.3 55.9 25.7
84.5 79.6 7.2
74.7 30.2 24.0
18.4 10.4 7.6
31.0 89.6 6.6
58.5 86.8 5.8
5
34.8 65.1 31.7
81.9 23.9 17.8
26.3 20.0 11.9
59.7 93.8 5.7
82.5 85.5 12.2
5
18.9 58.7 17.5
73.1 40.3 25.4
83.5 91.0 6.1
58.1 85.9 6.3
76.8 74.4 8.0
6
10.5 37.5 8.3
44.0 70.1 12.9
59.2 24.4 11.7
82.1 72.4 15.7
21.4 88.5 7.1
21.2 12.4 11.5
6
6.4 83.8 6.0
56.3 64.3 9.3
78.8 79.3 5.1
11.2 30.2 8.3
43.2 16.0 5.7
84.6 42.0 10.4
6
56.8 9.1 5.8
61.3 44.1 13.2
7.1 13.1 6.6
16.4 45.7 14.2
11.2 84.7 9.1
48.3 80.5 8.2
5
79.9 19.0 5.5
25.3 42.1 17.5
89.1 81.3 10.8
87.1 50.8 10.1
17.2 83.1 13.8
6
14.0 67.6 9.5
59.8 55.0 29.6
43.1 9.0 7.5
24.8 10.1 7.6
91.4 75.7 5.8
94.3 61.0 5.4
5
79.0 9.2 8.4
23.0 83.0 5.5
94.0 9.0 5.4
44.6 15.3 9.2
92.0 52.6 7.6
5
30.8 43.1 30.0
35.4 86.0 11.7
53.5 88.3 5.0
84.1 51.2 5.7
70.1 35.6 5.5
6
77.5 72.6 17.4
32.8 38.6 16.0
63.4 21.8 14.7
26.4 86.6 12.3
93.0 26.2 6.7
25.7 10.4 9.3
5
70.8 24.2 15.1
14.6 38.2 5.3
77.1 50.6 6.0
39.2 84.2 9.7
33.5 7.8 5.3
5
80.3 52.6 8.0
24.3 70.7 6.7
10.2 80.3 5.7
44.7 88.8 9.4
32.7 19.1 10.5
5
75.3 42.2 12.7
24.8 30.4 7.5
81.8 74.4 15.8
59.1 16.0 8.6
50.8 51.6 11.0
5
74.5 60.3 25.0
39.8 70.1 10.6
15.5 91.8 7.8
35.5 33.3 10.8
13.6 37.3 9.5
6
74.9 77.9 17.2
22.8 68.0 10.2
67.9 14.0 12.9
42.4 25.9 7.7
6.3 90.7 6.2
84.7 50.5 5.9
6
15.9 56.1 14.7
49.3 41.5 8.0
62.8 68.1 12.3
90.9 31.5 7.0
64.6 27.6 6.2
68.5 8.8 8.8
5
69.5 44.7 5.7
26.5 62.7 7.7
75.5 16.5 7.3
13.0 83.1 11.3
42.2 38.5 14.6
6
53.8 83.9 11.3
10.1 78.8 5.3
40.9 17.4 15.6
20.2 37.2 9.7
91.4 69.9 7.0
83.1 6.0 5.6
5
7.8 39.8 7.3
57.1 59.1 23.9
28.8 80.1 8.4
15.8 90.5 7.7
66.9 11.5 8.2
5
92.0 21.8 7.0
20.5 59.1 15.8
36.8 28.0 5.2
46.0 80.6 5.4
73.2 46.1 19.8
5
92.5 84.2 5.7
76.2 58.7 18.8
49.1 90.7 5.9
26.3 16.2 5.0
22.7 53.4 14.0
6
55.5 42.3 29.4
14.1 66.6 13.3
92.2 34.3 5.1
24.3 13.7 12.4
64.6 7.0 5.2
37.6 93.8 5.0
6
50.8 30.8 13.9
51.7 82.0 12.4
90.4 16.5 8.0
81.2 80.2 5.6
89.7 50.4 7.8
36.1 44.0 5.1
6
51.8 38.2 26.5
58.7 85.1 14.8
87.0 72.4 8.1
12.9 35.3 6.7
83.8 23.4 6.7
36.6 87.8 5.6
6
13.7 76.2 12.9
42.3 37.8 13.6
76.9 27.1 17.2
52.5 85.8 6.4
10.8 43.2 6.8
38.3 16.0 6.6
6
30.3 72.8 20.2
73.2 23.6 8.8
62.0 83.4 7.3
38.7 6.5 6.2
23.7 27.5 13.7
52.1 24.8 5.3
5
21.7 23.2 18.6
39.7 7.1 5.4
81.6 27.5 14.5
42.9 45.2 9.9
77.0 76.0 9.8
6
85.1 43.7 9.8
54.2 55.9 21.4
59.8 20.2 7.0
11.7 46.4 11.3
30.9 85.0 5.5
23.7 9.3 6.6
5
74.6 42.0 6.5
28.5 36.6 18.8
7.0 22.7 5.2
28.4 82.3 8.6
45.3 74.1 8.7
5
41.0 41.6 20.5
79.2 38.8 15.6
90.0 63.3 6.1
64.0 81.9 9.5
15.1 80.2 5.4
6
56.4 29.6 24.0
26.8 11.9 5.6
91.9 42.6 7.1
45.5 84.9 7.1
20.7 65.3 10.1
12.4 81.2 5.2
5
92.9 14.5 6.3
81.4 26.1 6.5
18.1 85.3 5.5
26.6 42.3 21.1
66.6 87.3 9.5
5
68.6 33.9 7.0
38.8 67.5 31.9
87.2 70.0 10.4
86.3 29.6 8.3
10.4 26.1 8.7
6
52.8 41.5 18.3
41.4 81.5 10.8
14.2 11.0 6.1
46.1 8.2 7.6
11.8 57.9 9.7
69.6 90.1 9.0
6
31.9 49.5 21.8
75.7 53.9 20.9
64.2 8.8 5.5
15.3 92.1 6.4
63.7 82.4 8.2
89.8 80.0 5.5
6
9.9 51.1 6.9
39.1 12.0 10.0
11.0 17.7 5.8
55.5 56.0 9.5
20.1 76.0 16.4
76.3 81.2 8.8
5
90.7 71.1 8.3
67.7 38.2 9.8
89.4 32.8 10.1
63.3 60.3 8.0
28.5 72.0 18.6
6
75.2 82.4 14.8
63.0 28.7 11.1
50.1 54.6 8.8
34.8 15.1 9.8
79.9 55.5 5.3
38.2 82.6 16.5
5
8.8 22.7 8.0
75.3 73.7 18.5
27.2 23.0 7.2
29.7 6.6 5.2
61.2 21.5 10.4
5
51.0 26.1 16.3
26.0 42.7 7.2
49.6 78.3 17.4
81.4 47.8 17.9
18.5 66.9 7.7
6
87.6 69.4 12.2
18.2 38.5 12.1
90.3 47.3 8.7
52.8 19.1 7.6
69.5 88.9 9.4
15.1 80.6 6.2
6
21.7 16.1 13.7
50.5 25.1 10.9
13.0 60.4 8.2
70.8 71.3 12.2
42.9 86.1 12.6
82.0 45.7 12.6
6
24.3 61.1 19.9
77.8 14.3 6.2
75.7 79.2 11.4
31.9 25.1 11.0
91.5 64.7 7.9
54.6 7.2 7.0
6
61.1 12.9 10.9
60.5 49.3 24.5
31.4 25.7 9.8
27.8 66.5 11.2
39.4 87.5 9.7
68.5 91.7 8.1
6
57.1 64.0 19.8
69.6 15.4 14.0
39.7 17.6 15.6
75.2 88.9 5.7
20.3 34.5 8.5
22.7 64.9 10.8
5
74.0 50.6 15.1
43.3 77.8 5.5
18.2 25.8 13.5
46.9 10.5 9.8
74.3 16.2 12.1
5
29.8 40.8 6.2
66.6 39.1 28.1
24.5 89.3 8.7
7.3 13.0 6.6
77.0 91.1 7.9
5
63.1 58.7 28.3
62.3 18.6 5.2
13.1 84.7 9.4
39.8 89.9 8.2
16.8 8.3 6.0
6
58.3 66.9 13.2
59.2 25.5 15.8
83.5 23.3 5.8
90.8 38.0 8.0
74.8 90.1 9.0
16.7 46.1 13.6
5
15.7 46.9 11.6
84.6 20.0 15.4
13.8 23.4 5.4
88.0 69.0 8.3
53.7 73.7 18.6
5
83.1 30.2 14.5
46.9 75.8 5.2
17.0 80.9 10.0
22.8 34.8 6.8
65.0 84.7 14.6
5
8.4 78.8 5.2
47.7 14.4 11.4
75.5 39.4 23.6
28.8 93.5 5.9
17.1 32.0 14.6
5
89.9 39.8 8.6
22.8 16.0 12.1
64.2 73.0 9.0
37.5 71.3 11.2
47.7 51.2 9.8
6
34.2 48.7 24.1
81.5 69.1 18.4
31.6 87.2 6.0
27.2 8.6 5.3
73.4 7.7 7.7
79.8 27.9 11.2
6
34.2 59.5 7.1
39.7 22.0 11.9
62.3 75.4 13.0
90.4 75.8 9.1
58.9 46.6 8.8
9.2 64.8 8.2
5
53.9 45.6 23.8
87.0 33.6 9.0
63.5 89.0 7.5
60.7 11.9 5.6
92.8 90.6 5.4
5
69.5 30.9 17.2
40.3 7.4 7.3
33.1 53.1 10.7
92.6 88.0 5.9
63.1 66.8 15.8
6
68.4 76.0 19.7
20.6 42.6 19.7
7.2 11.0 6.7
81.4 40.3 17.4
31.0 78.1 7.2
15.9 91.4 7.9
6
16.8 55.5 6.1
8.2 37.0 6.4
55.1 93.0 5.1
42.5 21.7 8.7
83.4 34.1 11.6
32.7 80.4 19.1
5
25.4 24.7 21.0
67.9 42.4 10.7
39.5 68.2 8.9
54.4 22.5 5.2
80.1 11.9 6.5
6
59.5 49.9 16.3
29.1 25.0 22.7
22.5 63.8 16.2
81.8 30.1 9.4
85.1 85.8 5.5
76.6 7.0 5.6
6
44.8 62.3 25.7
74.2 32.3 16.0
34.4 14.3 10.3
17.5 28.7 10.5
15.8 83.2 5.1
29.7 92.0 5.3
6
87.5 66.8 11.6
39.4 71.5 26.8
70.8 37.7 8.9
17.6 21.0 17.5
74.7 93.8 5.4
70.4 13.5 10.5
6
70.8 7.6 6.2
26.7 67.7 13.8
63.4 60.5 14.5
30.9 29.4 13.8
86.0 49.1 6.5
53.5 9.6 8.1
5
41.1 40.4 9.3
83.1 45.8 10.8
28.3 8.4 7.9
20.1 69.3 9.5
61.4 12.0 6.0
5
49.4 42.2 21.4
23.0 89.6 8.5
20.0 11.7 9.8
24.2 66.2 12.9
84.3 31.5 10.8
5
71.3 77.6 8.2
54.0 46.0 22.3
15.5 47.8 10.2
87.5 71.7 5.1
38.0 18.4 9.3
5
33.5 11.2 8.1
75.1 43.5 10.2
49.7 86.0 8.0
35.4 93.6 5.0
79.1 61.7 8.3
5
75.9 10.6 6.8
84.0 93.5 5.2
35.0 51.7 23.6
61.8 13.4 5.2
77.3 32.6 13.9
6
32.9 55.3 16.7
79.6 58.6 16.5
73.1 85.0 9.0
79.6 16.4 10.2
37.1 14.5 10.6
13.5 86.5 6.2
6
45.0 77.1 12.2
61.8 18.7 5.5
27.3 34.0 11.9
15.7 59.8 5.5
83.3 74.7 15.2
6.1 24.2 5.2
5
50.1 75.7 7.4
87.0 69.3 6.2
60.8 93.8 5.9
17.1 83.9 15.0
50.1 21.5 9.8
6
48.6 14.1 6.1
81.6 14.8 11.0
8.6 56.0 8.3
29.5 79.4 14.4
52.8 37.1 5.5
91.1 42.7 7.2
5
46.3 36.9 16.0
10.3 24.5 8.0
74.4 50.5 7.2
8.8 58.9 7.0
55.4 8.0 5.2
6
56.4 88.1 8.1
50.2 24.3 7.2
17.6 49.3 13.8
77.9 49.3 16.6
44.5 70.7 8.0
31.8 83.1 5.1
5
27.1 28.7 18.9
87.2 50.4 9.6
91.9 16.3 6.9
18.0 80.4 13.1
12.9 53.8 7.6
5
13.1 57.5 10.1
87.6 44.0 9.7
92.2 9.3 6.1
12.0 23.5 5.2
50.8 54.1 27.4
5
33.8 20.0 7.4
74.6 26.0 23.0
58.0 88.2 10.0
28.2 90.8 5.0
14.9 44.8 8.8
5
36.7 63.1 31.7
51.4 7.5 7.4
92.5 35.9 5.2
68.1 20.4 12.3
79.4 93.4 5.0
5
82.9 76.2 16.1
78.6 43.0 13.1
89.1 12.2 5.4
11.1 39.2 5.7
47.3 33.1 6.3
6
57.9 85.1 12.0
46.2 20.5 11.3
27.7 50.8 7.6
88.4 50.4 5.9
16.5 19.9 14.2
50.4 63.4 10.0
5
63.3 83.4 10.6
36.3 57.2 19.0
46.5 8.3 7.8
31.4 88.6 7.4
18.9 23.1 7.7
6
80.3 63.2 11.0
14.8 74.5 14.7
10.1 11.5 5.7
69.6 23.3 22.1
84.0 89.4 6.0
57.0 58.9 11.0
6
19.3 89.3 9.1
6.0 33.9 5.8
86.3 83.4 13.6
89.3 5.5 5.4
64.8 20.4 18.4
19.0 48.0 7.3
5
40.8 50.8 33.4
83.7 8.9 5.8
86.2 68.8 5.7
53.5 92.7 6.5
80.7 93.7 5.4
6
59.0 14.5 5.7
56.3 59.3 37.6
93.1 9.7 5.3
12.2 84.4 10.3
9.4 55.3 5.2
78.4 14.7 8.2
6
18.3 67.3 15.3
38.4 13.9 6.4
15.2 42.0 6.3
62.7 88.1 5.0
43.9 84.1 7.7
92.2 82.2 6.5
6
40.1 40.1 27.3
79.3 64.6 8.7
61.1 78.9 8.8
90.8 83.0 8.0
68.0 5.6 5.4
14.3 86.8 8.6
5
63.3 94.4 5.1
44.4 21.0 10.2
6.2 90.0 5.2
28.8 57.2 23.3
81.0 60.7 5.9
6
46.0 16.4 5.3
76.9 15.4 11.2
56.7 52.7 14.8
85.9 84.3 8.2
31.8 90.9 7.6
92.0 55.9 5.5
6
36.9 53.4 15.0
73.7 23.4 18.1
80.8 54.4 7.7
36.5 5.3 5.2
21.3 90.8 6.6
45.6 78.1 10.9
5
82.0 9.8 7.6
23.9 55.7 15.7
23.5 25.2 11.3
87.2 52.6 5.3
69.3 83.7 6.1
5
29.2 51.3 27.9
54.6 12.0 11.3
77.5 85.3 10.0
84.0 25.5 13.8
21.7 90.5 8.6
6
39.1 43.4 37.4
89.4 60.4 5.2
85.4 12.6 5.9
72.9 9.7 5.3
93.5 23.5 5.2
89.4 72.6 6.1
5
64.5 70.5 15.1
54.3 40.1 14.2
19.3 79.1 8.8
15.4 59.9 7.9
92.6 92.6 7.0
5
55.9 66.3 17.8
23.5 52.4 7.7
68.2 13.4 5.2
91.0 47.4 8.3
19.5 73.2 12.6
6
42.1 49.9 16.4
71.7 94.2 5.3
51.6 83.6 16.4
78.4 62.2 14.3
35.8 18.7 13.8
5.4 57.5 5.0
6
18.6 17.7 14.2
80.3 58.5 10.1
73.3 30.4 10.1
26.8 37.4 6.6
35.8 68.7 14.5
90.8 43.4 7.7
6
18.2 31.9 5.6
57.8 54.3 25.1
67.8 92.0 7.9
20.0 18.7 5.1
20.0 72.2 13.5
93.2 15.2 5.5
6
89.4 34.4 9.4
70.3 87.4 9.4
21.8 78.3 5.1
87.2 86.8 6.5
24.8 90.7 5.1
49.5 46.2 24.9
6
86.6 12.7 11.4
30.4 31.3 13.1
32.2 84.2 9.9
56.7 58.4 24.5
51.5 7.2 7.1
89.4 56.3 6.8
5
32.9 26.7 16.9
84.4 14.2 10.5
80.7 59.3 17.7
62.2 30.9 12.6
11.2 49.6 11.2
6
54.4 16.0 8.8
56.9 87.7 8.6
85.2 68.9 14.1
62.5 37.6 11.7
22.0 51.1 16.9
71.7 5.1 5.1
5
15.3 23.1 6.0
20.1 53.0 16.9
49.9 69.5 8.4
35.6 15.7 5.4
75.8 84.2 14.4
5
74.7 53.9 24.7
21.2 31.1 7.2
62.0 21.1 8.5
5.9 30.8 5.3
91.9 82.4 6.5
6
82.1 35.0 8.7
74.6 90.8 7.4
75.3 14.1 11.8
79.6 62.3 12.3
44.6 55.1 7.6
18.2 47.8 5.4
5
54.3 18.9 13.9
5.4 38.8 5.0
83.2 74.8 5.2
9.2 13.8 6.5
91.3 26.0 6.2
6
40.4 49.6 5.0
14.6 42.7 7.3
84.7 72.3 10.9
81.9 30.8 7.6
90.6 91.6 6.1
65.6 76.0 5.2
5
50.0 70.8 19.9
15.9 40.6 15.7
75.9 42.5 12.2
13.8 14.4 9.8
91.4 64.0 5.8
6
33.8 73.3 19.7
9.3 13.2 8.3
13.6 44.9 9.5
76.8 28.9 19.9
32.8 11.6 7.2
85.4 57.8 6.7
5
43.5 52.4 18.7
93.7 20.7 5.0
72.9 77.7 9.8
78.2 16.1 6.5
65.4 33.0 8.7
6
21.6 69.3 21.2
81.1 49.7 17.7
43.7 15.7 6.0
87.7 26.4 6.3
90.9 79.5 5.7
9.6 10.8 5.0
6
68.2 78.1 8.7
9.9 11.8 9.8
68.9 28.7 27.5
19.6 90.9 6.8
87.8 85.6 9.6
35.3 51.0 11.2
6
26.7 31.9 21.8
10.2 6.6 6.5
79.5 35.4 18.9
36.9 93.7 5.4
45.0 79.5 8.2
88.1 9.9 7.6
5
73.8 81.8 13.1
34.2 25.6 22.0
50.0 76.1 6.9
79.8 39.7 18.2
23.9 75.0 13.3
6
27.3 73.0 10.7
61.8 57.0 10.2
74.8 16.2 15.6
32.6 11.9 7.1
83.0 74.2 6.6
13.9 16.8 9.4
6
41.1 27.8 6.1
48.6 40.6 6.6
41.8 77.2 8.3
7.4 59.8 6.0
21.0 15.9 7.0
70.5 9.9 6.4
5
65.9 52.3 14.1
30.9 28.0 11.6
73.0 79.6 11.1
93.2 87.2 5.8
42.4 88.8 8.8
5
16.0 54.6 11.1
53.4 37.4 28.1
12.9 14.5 10.5
90.8 83.8 6.3
61.7 75.4 10.7
6
7.5 65.0 5.2
70.3 75.8 15.2
62.7 30.9 20.7
9.4 50.5 5.0
15.7 37.7 7.4
28.3 79.4 15.8
6
36.4 60.1 6.1
19.3 25.1 9.2
48.6 20.2 15.0
56.5 87.9 11.7
72.4 44.0 5.1
62.4 68.0 5.7
6
48.2 57.6 41.5
69.7 9.5 6.3
88.7 25.9 9.1
10.6 90.8 6.0
81.9 94.0 5.2
83.1 7.3 6.4
5
36.1 53.9 34.5
24.2 9.4 8.1
90.9 43.3 7.4
70.7 25.4 5.0
60.4 93.5 5.2
6
53.8 86.5 9.0
38.9 29.8 6.3
32.1 13.7 9.5
77.0 59.7 22.8
78.8 29.1 5.7
16.9 56.9 7.5
5
37.4 11.5 10.0
27.6 42.3 20.4
78.0 15.3 10.4
72.5 84.4 13.7
25.6 90.7 5.0
5
36.7 76.6 13.7
52.0 21.3 14.0
91.8 40.3 5.1
76.7 13.7 5.1
71.9 58.6 13.4
5
45.5 16.3 13.3
56.7 63.9 22.8
81.7 85.1 8.0
17.5 51.3 17.1
68.4 18.3 5.1
6
69.1 81.6 16.6
55.0 38.1 5.1
11.2 83.3 5.9
9.0 24.2 6.5
30.7 89.3 5.9
71.1 20.7 6.0
6
11.1 59.7 6.0
82.7 7.1 7.1
36.5 33.7 24.0
30.7 64.8 7.2
83.8 78.3 10.2
74.4 30.6 6.0
5
31.0 69.3 15.3
89.2 57.5 5.1
58.0 84.2 6.8
84.3 28.5 9.4
34.4 24.9 20.0
6
48.6 17.4 11.5
23.8 40.7 21.1
46.0 82.5 11.9
65.2 83.0 6.9
79.4 31.3 13.3
92.6 18.6 5.0
5
24.6 44.2 24.6
81.8 33.8 10.4
62.2 9.7 8.3
70.3 82.7 15.6
44.6 20.4 5.6
6
22.3 71.9 17.8
51.1 15.1 7.0
47.6 89.5 5.2
72.9 58.7 5.6
32.9 9.5 6.2
15.1 23.8 14.9
6
33.8 89.4 10.5
87.5 93.7 5.2
12.2 85.9 5.9
80.1 71.8 15.6
71.8 10.4 9.2
22.0 48.1 17.8
6
24.2 12.9 6.2
71.0 51.5 15.9
83.1 86.0 12.4
55.4 12.2 8.4
18.2 64.7 9.6
17.0 31.1 11.7
5
24.5 46.6 12.3
26.9 13.5 6.8
94.3 53.6 5.0
74.9 26.6 24.9
85.6 90.1 8.3
5
89.5 32.4 8.3
42.9 25.7 5.2
67.1 20.5 11.6
10.9 64.4 7.6
41.7 47.6 10.9
5
70.8 62.5 9.6
30.1 73.4 13.1
80.8 17.1 5.3
54.7 28.3 20.1
56.6 86.2 11.5
5
50.4 73.1 21.7
27.6 47.4 8.5
68.8 21.6 18.1
93.8 48.2 5.2
19.8 70.5 5.6
6
37.0 36.4 7.3
93.3 48.3 6.1
60.9 41.3 7.8
61.4 13.8 10.3
60.2 74.2 20.1
83.1 10.4 6.0
6
44.4 79.3 14.0
17.5 25.8 6.9
70.3 6.9 5.6
85.4 36.6 13.9
53.2 52.2 7.5
11.1 81.2 6.4
5
42.1 53.9 19.3
59.3 13.3 12.1
85.6 75.2 8.3
14.9 83.8 13.5
81.4 33.9 7.7
5
83.1 42.1 8.1
85.9 64.3 11.1
29.0 61.4 24.0
66.8 12.4 6.1
87.0 91.3 7.8
6
41.9 52.8 20.3
17.1 12.4 8.8
87.7 35.3 11.1
7.7 30.7 6.7
10.1 77.8 8.0
50.4 22.4 6.4
5
51.3 68.3 15.1
88.1 25.5 5.4
11.2 19.8 9.9
35.6 12.1 10.7
66.0 18.8 14.5
5
42.5 31.1 14.0
39.5 83.1 15.2
78.0 69.2 8.3
81.5 22.1 17.8
41.6 50.8 5.2
6
17.1 39.0 6.2
84.1 70.4 12.9
11.2 6.6 6.2
69.8 28.8 9.7
47.3 74.6 16.6
65.6 10.5 8.5
5
27.7 43.5 24.6
58.8 80.2 5.2
69.9 20.8 14.8
80.2 65.7 9.3
44.8 89.1 8.6
6
77.1 12.1 6.5
80.7 25.9 7.6
63.9 89.5 10.5
33.1 7.8 7.3
23.9 59.5 14.7
13.9 18.2 9.4
6
85.1 93.9 5.6
12.5 47.8 9.4
59.7 16.1 5.5
82.7 62.4 5.7
81.7 23.4 8.7
45.3 22.6 5.1
5
10.4 69.9 6.0
78.7 63.7 13.3
75.2 23.9 16.1
34.3 89.7 9.1
50.4 24.2 5.7
5
48.9 41.6 29.8
83.8 16.5 6.5
10.3 77.0 9.3
87.4 40.7 6.4
16.4 20.7 7.8
5
85.6 79.8 10.2
26.4 69.8 23.6
11.9 20.5 7.6
25.2 32.4 7.5
79.9 27.9 5.4
5
71.6 29.6 18.9
16.0 56.4 12.5
63.4 53.1 5.6
71.1 81.8 15.1
38.4 14.1 12.8
5
32.2 31.8 31.4
59.8 90.8 5.5
20.4 86.6 6.6
82.9 26.1 16.8
71.8 57.8 6.1
6
46.6 49.7 5.5
24.3 26.4 19.1
68.1 46.9 9.0
29.4 65.7 15.9
87.0 86.3 8.2
63.4 90.0 5.7
5
65.2 50.0 22.2
16.1 74.2 6.7
33.3 14.1 12.6
77.2 7.0 6.2
10.5 16.2 9.4
6
51.1 64.8 21.6
78.7 20.5 5.5
9.1 7.9 6.5
41.8 24.7 15.5
14.8 56.6 5.9
80.8 91.5 5.9
5
56.9 65.9 5.3
33.9 49.0 8.2
12.4 11.6 7.1
82.4 70.5 15.6
73.4 29.2 19.8
6
27.9 47.6 11.7
68.3 77.0 13.5
54.5 29.9 9.0
19.2 74.3 9.6
81.5 44.6 13.2
70.9 19.7 10.3
5
89.9 7.3 7.2
32.3 78.1 16.4
52.4 93.8 5.2
73.6 29.1 7.4
68.0 83.2 9.2
5
70.2 72.0 15.6
30.4 27.5 10.1
72.8 9.5 6.2
91.4 41.2 7.8
47.8 93.2 5.7
6
87.8 62.7 10.3
56.6 90.5 5.4
87.5 17.4 7.5
22.0 54.6 7.0
70.1 12.4 8.2
18.0 73.9 11.6
6
28.3 92.2 5.5
14.3 65.9 13.7
34.9 36.8 7.4
14.9 35.6 10.0
43.1 15.0 13.3
46.5 94.5 5.3
6
36.2 74.3 9.3
15.1 72.0 10.5
28.8 32.2 5.7
66.0 12.5 6.6
34.6 13.5 12.5
81.8 42.7 6.3
6
47.0 74.5 14.0
6.9 72.9 5.1
84.7 58.0 6.9
20.9 63.1 6.8
30.9 36.2 6.3
8.9 94.6 5.1
6
64.1 57.5 35.4
9.5 52.8 7.6
20.8 36.0 8.0
17.7 86.9 10.7
80.0 6.1 5.3
23.1 7.1 6.4
5
69.5 52.9 14.1
13.8 22.4 11.4
53.0 12.7 6.1
20.8 57.2 6.3
89.4 79.4 6.5
5
61.2 45.8 14.3
47.3 16.7 11.9
22.1 73.8 9.3
22.7 9.7 8.9
12.9 48.8 10.4
6
7.5 14.8 5.7
25.5 45.1 19.3
32.7 83.6 9.1
74.3 43.2 7.9
61.4 16.5 14.8
63.1 82.4 14.8
6
46.0 36.9 15.7
85.3 22.8 11.7
22.7 80.6 6.8
40.0 92.9 5.1
17.5 53.1 12.1
91.4 79.9 6.2
6
42.3 52.1 15.5
56.6 19.4 14.8
14.2 67.2 14.0
16.9 31.8 7.6
82.5 17.6 9.7
37.6 89.7 9.4
6
82.2 93.6 5.2
39.9 42.3 23.0
81.3 51.7 10.3
17.7 85.1 6.5
22.4 10.9 8.3
94.4 18.7 5.2
5
70.4 15.7 5.2
56.2 83.4 8.0
75.5 61.6 16.6
10.5 91.3 5.0
36.0 16.3 12.6
6
31.2 13.9 12.3
78.9 46.1 10.4
79.3 86.6 8.5
39.6 79.3 13.6
7.3 82.5 7.1
64.9 9.5 9.2
6
88.9 26.4 8.6
43.5 56.2 24.5
8.0 11.3 7.5
89.7 71.0 8.5
84.6 47.0 6.1
63.7 11.6 6.2
6
77.6 33.4 11.0
10.4 15.6 8.3
84.0 75.2 10.8
38.4 85.3 9.2
57.4 53.0 13.0
65.4 93.4 6.0
5
17.2 87.6 10.7
75.1 21.8 5.7
63.9 58.7 10.2
23.1 13.0 11.6
25.3 42.0 8.5
5
62.1 47.5 27.8
9.9 41.1 9.7
37.3 22.2 5.7
27.4 47.3 6.1
6.8 77.5 5.5
6
60.4 52.8 7.7
66.6 79.8 13.2
22.7 88.8 5.4
12.1 65.7 12.0
69.0 23.3 22.1
23.3 9.8 6.1
6
73.7 44.4 22.4
19.5 75.9 7.9
45.2 65.3 11.1
21.4 51.2 8.5
42.7 10.0 7.1
88.3 11.2 7.8
6
29.2 7.0 7.0
63.3 62.1 21.9
65.9 11.5 8.0
12.3 64.4 7.6
74.1 30.1 10.9
41.2 19.7 6.7
5
26.3 24.8 6.2
59.3 38.2 23.2
50.2 77.0 7.4
63.2 90.1 5.6
44.1 88.9 5.7
5
47.8 48.7 31.4
36.0 84.9 6.4
14.5 24.0 9.4
10.2 86.0 5.4
55.5 93.4 5.7
6
32.1 56.2 15.2
81.8 21.1 17.3
78.3 83.4 7.0
54.5 87.1 6.2
63.5 71.5 10.6
85.8 55.8 10.5
6
20.5 45.8 18.4
91.6 92.6 7.3
12.5 93.0 5.6
57.5 19.7 16.3
87.7 68.7 8.0
53.4 64.9 6.7
5
87.5 43.1 8.1
92.0 60.2 6.8
37.3 44.5 30.0
68.1 12.0 7.5
25.6 90.0 5.1
5
67.3 22.3 22.3
82.2 62.6 11.7
6.2 82.0 5.8
86.5 44.0 5.6
9.8 21.0 8.9
6
30.0 55.4 10.9
39.5 17.3 7.9
79.7 55.5 7.5
11.6 32.8 11.6
45.5 79.0 5.0
63.6 84.2 13.0
6
74.6 58.2 13.8
45.0 10.4 7.7
11.6 19.0 7.0
87.2 15.2 6.4
38.3 40.1 13.8
16.9 75.6 11.8
6
23.7 78.4 20.6
57.7 38.2 8.8
92.9 70.7 6.9
8.9 51.9 5.4
52.6 14.7 9.1
50.5 62.2 10.4
5
60.7 57.3 28.8
7.9 48.1 7.3
66.0 11.8 8.3
23.2 59.6 6.7
11.9 84.2 9.7
5
45.7 30.2 27.3
35.8 80.9 5.2
19.9 72.0 10.5
8.2 88.0 7.6
5.7 56.6 5.0
6
25.7 76.6 17.9
82.5 38.7 11.9
88.9 74.6 7.3
85.5 17.5 8.3
60.0 56.3 16.3
22.7 7.4 6.8
5
64.0 58.6 19.3
37.5 8.9 6.5
82.7 30.4 11.0
24.7 87.8 5.2
21.8 69.1 6.9
6
23.9 39.0 17.9
77.9 35.5 6.6
15.1 68.2 5.7
34.6 8.2 6.1
76.6 87.4 11.0
24.6 82.7 9.5
5
59.0 76.7 5.4
44.2 39.9 30.7
94.6 60.6 5.3
71.7 69.3 6.1
94.3 35.8 5.5
6
27.9 17.8 11.6
34.2 53.1 17.5
24.3 90.9 9.0
51.0 77.7 10.0
71.3 42.1 5.6
79.1 85.6 7.2
5
81.2 17.1 10.7
82.9 80.4 6.8
39.9 20.7 9.7
78.5 42.7 11.4
16.7 80.5 12.5
5
69.7 38.2 26.3
31.9 65.7 14.7
32.0 42.1 5.5
56.9 91.3 6.2
11.0 89.4 7.3
6
23.9 84.8 9.0
84.6 32.3 5.2
85.4 78.4 9.8
58.9 50.0 17.6
26.4 14.2 6.4
34.0 64.2 9.6
6
69.4 22.8 19.6
26.6 70.5 23.5
30.4 10.4 7.0
62.6 71.0 7.1
63.2 88.9 8.9
84.6 46.4 7.4
5
34.8 80.5 5.9
24.2 51.7 20.8
71.1 30.8 8.3
58.8 11.2 7.4
82.4 51.6 15.1
6
43.3 58.6 36.9
60.4 6.6 6.5
94.3 86.7 5.0
18.8 17.1 9.3
90.0 68.5 9.9
92.8 24.4 7.1
5
83.8 21.3 11.1
87.3 82.3 6.1
88.7 44.5 10.8
38.9 35.7 10.3
23.9 59.6 14.7
6
18.3 77.8 5.1
90.1 45.6 6.6
47.2 15.8 7.3
83.2 65.5 13.8
31.4 39.5 19.0
14.6 12.2 10.1
5
71.9 51.1 21.5
13.4 75.0 9.6
37.7 63.9 7.9
87.3 82.4 8.5
8.9 21.2 6.5
6
60.9 76.7 9.3
30.5 48.0 20.1
78.2 32.4 19.6
9.2 72.6 5.2
49.5 24.3 5.5
37.5 83.3 8.1
6
71.5 91.3 8.4
94.2 82.6 5.4
51.8 21.3 10.7
77.8 63.2 5.9
90.4 43.4 6.6
44.1 51.1 8.9
5
53.8 13.5 12.2
81.4 17.5 9.6
28.0 50.8 8.9
83.6 83.0 13.5
74.1 58.5 9.9
6
52.4 33.9 28.1
90.2 64.6 5.1
24.4 6.2 5.3
71.6 72.8 6.1
83.6 85.1 10.8
17.9 78.8 11.9
6
28.7 15.8 15.4
22.8 87.8 8.0
59.7 33.1 14.7
29.9 46.3 12.0
84.8 48.0 6.6
60.2 88.6 9.4
6
61.8 38.5 29.4
23.0 81.1 8.2
14.4 64.0 6.1
89.6 11.5 6.9
39.9 88.7 7.5
88.6 88.1 11.2
5
7.0 57.7 5.6
67.8 79.2 7.6
83.6 45.2 6.3
70.2 7.1 6.9
32.7 76.4 11.3
6
77.1 17.0 13.9
34.5 70.5 7.6
17.3 82.7 9.5
25.0 30.3 10.6
89.6 70.5 8.6
55.4 11.2 6.9
5
82.3 24.0 14.1
37.4 32.8 14.4
45.6 78.4 16.2
72.7 89.6 6.2
10.6 38.0 7.1
5
50.2 56.8 12.1
35.8 82.6 7.3
14.5 67.9 11.4
80.0 35.8 14.7
33.6 20.7 6.9
5
61.9 41.1 10.9
26.1 45.8 8.6
69.7 65.5 7.9
14.1 27.3 11.9
30.2 81.4 14.6
5
52.4 23.0 18.9
47.5 84.6 11.4
16.1 25.8 15.2
77.0 62.4 10.5
40.9 55.1 8.0
6
65.0 36.8 28.2
13.4 30.8 12.4
66.4 81.2 14.1
44.6 93.8 5.4
21.5 62.4 19.7
8.5 89.2 6.3
5
47.1 64.5 7.1
44.5 23.8 14.6
63.9 64.1 6.1
94.7 35.2 5.0
10.7 40.4 7.5
5
75.7 52.3 5.4
89.3 14.2 10.2
58.5 10.3 6.8
11.0 86.8 8.4
35.7 84.0 15.0
5
40.6 67.0 16.7
68.9 31.0 19.3
66.3 88.5 8.1
29.6 22.5 9.2
85.6 53.3 7.0
5
77.7 68.2 8.1
34.8 50.8 9.5
19.9 22.8 11.3
62.5 85.1 13.1
56.4 27.8 8.9
6
91.0 65.9 8.3
63.4 7.5 7.0
24.8 34.2 17.4
17.7 66.1 9.5
67.9 37.9 9.5
85.2 23.4 12.8
5
68.7 36.5 19.9
82.1 71.5 14.9
47.7 79.3 16.2
16.6 19.4 9.8
27.2 87.1 5.3
6
68.1 42.6 6.6
83.1 51.1 7.3
46.3 22.2 15.0
80.6 17.0 17.0
93.1 68.2 6.4
41.1 64.3 17.4
6
41.0 17.8 13.1
51.4 72.9 25.5
72.6 17.1 16.4
86.3 54.8 6.0
12.2 68.9 5.8
15.8 19.1 5.2
6
24.3 77.6 5.7
73.2 89.7 8.5
39.8 20.3 7.9
70.8 15.7 10.8
86.7 33.8 12.5
91.2 9.6 5.2
5
65.4 71.1 19.5
25.7 60.6 13.8
10.8 15.2 7.4
28.2 40.2 5.4
33.5 90.5 8.1
5
65.1 13.9 10.9
83.1 35.8 7.9
88.1 77.5 11.7
20.2 60.4 6.9
30.3 78.1 6.3
5
75.8 23.1 12.5
13.7 74.8 13.1
59.8 69.6 23.5
21.2 30.7 13.3
15.6 8.4 7.3
5
61.0 18.2 10.5
38.7 46.8 13.0
10.1 83.8 7.9
12.8 25.5 11.9
20.5 68.6 9.0
6
22.8 42.7 9.1
83.8 11.3 10.5
7.4 91.7 6.0
73.2 66.8 13.5
42.7 65.4 13.6
52.9 88.9 5.5
6
16.2 32.1 6.0
76.2 28.8 18.6
60.4 66.0 15.7
87.9 66.7 11.0
47.4 12.5 9.2
30.2 12.1 7.0
6
55.2 42.8 40.0
33.1 89.6 5.9
12.1 66.5 5.1
13.9 16.3 6.0
83.6 83.5 7.3
8.1 30.1 7.3
5
39.0 52.6 5.7
65.9 59.1 12.5
29.9 14.3 14.0
31.8 79.2 15.6
73.9 22.4 20.6
5
67.5 56.6 14.9
43.2 33.1 14.6
91.3 88.4 8.0
13.0 31.0 9.7
24.4 78.4 10.0
5
76.0 63.5 11.0
92.0 14.8 5.2
26.1 43.3 26.0
88.8 83.7 6.4
41.3 85.4 10.0
5
72.2 12.0 5.9
32.0 61.1 26.9
65.3 63.3 5.2
18.8 17.2 11.7
89.7 31.7 8.6
6
46.2 43.2 23.8
82.0 86.5 12.0
72.4 13.6 10.1
93.1 38.2 6.6
76.4 45.1 6.2
18.3 71.9 8.4
5
87.7 33.8 7.6
37.0 23.8 7.1
63.8 11.6 9.8
45.7 92.4 7.1
25.5 51.0 9.8
5
84.2 66.6 11.8
31.6 48.0 22.6
78.6 11.8 6.6
70.6 25.0 5.1
16.9 11.2 9.1
5
47.8 27.8 22.8
56.5 88.3 6.1
84.4 45.5 6.2
10.9 89.1 7.7
20.4 69.3 6.6
5
63.5 18.7 9.6
70.1 69.8 29.3
87.2 16.4 10.6
12.7 21.8 10.1
41.9 10.4 8.5
6
36.0 41.2 10.0
85.8 8.6 7.7
61.9 23.7 13.2
68.5 86.8 8.2
19.9 69.7 18.6
67.3 59.0 14.7
5
9.4 9.9 6.5
65.3 56.9 26.2
89.5 21.0 9.3
22.3 27.3 5.3
7.4 35.3 7.2
6
80.2 53.9 14.0
37.8 90.0 7.1
13.8 71.0 12.4
86.6 85.6 5.1
90.5 17.0 8.7
9.6 45.0 6.3
5
36.2 66.4 27.2
73.6 79.9 12.1
71.6 44.4 6.3
8.4 10.2 6.2
26.0 14.1 9.1
5
73.1 49.9 21.8
80.8 94.3 5.3
93.3 88.7 5.1
24.8 27.1 17.9
76.1 19.0 7.5
6
33.7 18.5 15.7
60.0 60.8 25.2
81.4 7.0 6.4
91.0 31.7 7.2
64.6 11.8 6.9
19.9 67.1 11.7
5
15.7 38.8 10.6
77.4 45.6 14.4
49.0 94.4 5.4
48.5 70.8 9.4
33.3 94.0 5.0
6
27.3 6.4 6.1
44.3 82.2 6.5
54.3 55.0 6.8
78.4 90.2 7.4
45.6 24.1 18.0
92.5 79.6 6.4
5
32.0 54.0 16.4
43.3 84.0 13.2
75.9 29.5 13.0
15.2 13.9 13.3
87.0 64.9 10.9
5
29.2 54.2 9.4
64.0 35.9 13.9
8.5 48.0 7.4
26.3 31.2 6.8
44.5 5.9 5.9
6
54.3 30.5 18.9
28.6 63.0 8.6
85.3 91.1 6.6
14.3 53.6 7.0
11.1 6.1 5.1
19.3 20.4 7.9
5
72.0 22.3 6.9
40.0 56.1 13.5
37.4 89.9 6.9
87.6 50.8 12.4
87.1 88.6 6.4
