1000

2
61.1 78.9 15.7
37.0 91.7 7.2
7
34.0 58.8 7.5
83.9 78.5 6.1
30.0 10.2 5.1
57.6 30.6 21.4
28.0 86.5 8.9
28.2 25.8 6.2
71.5 65.0 9.7
2
45.3 25.3 6.1
77.0 58.5 16.5
10
34.8 32.6 6.1
28.1 76.0 23.7
62.1 26.0 17.9
83.4 81.9 5.5
41.8 11.8 5.2
69.4 58.8 13.2
88.9 69.9 7.1
11.0 7.2 7.2
85.3 34.6 5.0
90.8 17.1 6.6
9
13.3 64.3 10.7
55.7 81.5 8.0
29.7 11.1 7.3
69.7 40.5 5.5
73.2 88.1 6.6
23.0 79.6 6.2
89.9 55.8 5.6
40.8 56.7 17.8
58.4 14.3 5.7
4
26.1 66.9 14.7
20.0 22.2 16.0
74.0 60.7 17.1
80.5 7.3 6.8
1
58.8 37.7 31.3
5
44.1 17.6 14.7
21.2 43.4 14.6
65.0 49.7 22.5
87.8 20.9 6.7
34.2 88.8 8.4
10
81.5 35.2 13.9
29.2 60.3 23.9
56.3 29.4 7.5
68.3 16.1 9.1
77.3 79.0 6.2
28.5 20.5 11.4
72.4 58.5 8.1
91.6 54.3 5.4
8.9 85.0 5.5
54.9 78.0 5.8
8
85.1 31.6 11.0
41.9 82.0 16.0
72.2 82.8 11.1
29.1 13.1 6.3
49.9 32.4 16.0
16.6 37.0 11.2
71.4 46.1 7.3
28.0 54.1 8.9
8
55.7 55.2 33.2
22.9 86.1 11.7
26.0 17.1 11.6
10.2 33.1 5.3
90.9 83.7 8.7
10.7 61.2 5.5
73.7 12.6 6.7
40.9 7.1 5.0
10
68.4 92.2 5.7
87.1 77.9 10.9
75.4 22.7 21.4
19.4 84.0 10.5
21.6 67.4 6.1
50.8 71.4 12.7
52.9 92.8 5.0
78.9 57.2 6.6
26.1 36.0 13.4
57.7 49.0 8.1
9
67.6 54.5 5.3
89.9 40.7 7.4
39.2 30.3 16.5
67.9 84.4 10.8
9.9 26.8 5.8
82.7 78.8 5.0
39.3 71.4 7.5
68.4 37.8 8.0
16.0 65.2 11.1
5
12.1 31.8 9.1
43.7 83.6 12.5
28.8 15.4 10.0
70.3 74.6 8.2
9.0 64.4 8.9
7
9.9 48.2 7.1
58.2 76.2 23.2
33.3 32.3 5.8
7.8 78.1 5.1
24.1 68.4 11.3
61.1 14.7 8.4
81.9 15.1 10.6
4
71.5 68.8 20.5
29.4 15.5 15.2
28.8 87.1 8.1
88.1 19.2 5.3
8
39.7 82.8 11.2
15.1 52.6 10.1
74.7 20.2 15.0
8.6 32.3 8.0
83.3 63.0 14.4
80.8 87.7 7.6
61.6 86.9 5.2
42.6 11.0 7.2
2
25.3 48.6 7.5
55.6 83.7 5.1
6
33.1 16.1 9.0
75.3 36.2 8.9
93.1 20.4 5.0
66.6 72.9 5.3
49.6 50.2 7.8
36.6 94.0 6.0
9
57.4 89.2 9.8
8.0 58.2 5.8
56.9 58.6 11.3
81.0 82.3 13.8
17.6 20.0 6.9
18.2 77.5 8.6
5.6 11.1 5.5
91.5 60.3 6.7
80.6 8.1 6.6
8
19.3 16.6 7.6
31.7 22.7 5.3
53.5 27.2 9.6
63.0 54.0 5.2
87.8 51.0 8.2
13.8 53.0 8.4
26.9 73.5 7.6
46.4 80.0 12.6
9
80.1 71.0 13.8
71.7 10.2 6.8
42.3 34.7 15.4
93.4 94.5 5.1
27.9 11.5 9.1
88.4 27.7 6.8
47.5 83.7 14.6
91.6 9.8 7.0
18.4 84.2 9.7
10
14.6 38.6 5.5
75.6 62.5 6.6
70.9 23.4 11.2
18.9 17.3 15.5
43.6 72.0 15.0
81.4 84.4 10.1
93.9 27.9 5.0
43.2 15.8 6.7
68.6 44.6 7.2
18.2 90.6 7.8
9
69.1 43.9 6.5
45.5 61.5 17.8
23.6 20.2 16.8
49.2 22.8 5.1
17.5 80.2 7.4
57.7 89.9 9.5
86.6 39.2 7.0
77.9 19.6 6.0
87.7 74.6 5.1
6
51.1 74.5 11.8
25.7 47.5 6.2
81.1 53.0 11.6
85.6 32.3 5.4
56.1 16.8 13.5
21.0 10.6 5.2
10
38.6 81.3 14.8
59.6 66.4 5.2
11.8 11.1 9.5
84.1 47.7 10.5
55.5 54.5 6.6
84.5 6.2 5.1
38.3 26.8 12.0
14.5 55.1 9.1
76.4 69.2 9.1
68.1 14.9 10.8
6
50.4 43.5 24.7
85.7 76.3 7.4
71.7 85.3 8.9
14.3 47.5 9.8
41.4 13.6 5.6
88.7 58.6 9.1
10
10.3 74.2 5.7
32.4 14.8 13.3
38.2 43.1 6.4
85.4 73.4 7.1
72.4 30.2 8.0
67.3 8.7 7.7
49.1 64.6 8.9
18.0 38.9 13.2
90.5 48.0 5.7
88.4 14.4 10.2
7
23.9 60.7 11.2
63.5 65.7 18.1
11.6 89.7 7.5
92.1 91.7 6.7
29.4 89.8 6.9
23.4 14.5 11.7
53.2 32.5 7.7
6
79.9 88.5 7.9
26.2 43.5 16.3
6.5 16.0 6.3
79.7 55.2 19.5
66.2 20.9 14.1
34.4 83.2 13.4
8
70.8 78.8 10.4
32.3 81.0 8.4
87.5 71.0 7.8
15.6 35.6 10.4
68.7 18.4 6.3
83.4 45.5 8.5
53.1 86.7 8.8
47.8 47.5 20.3
2
81.1 26.9 14.4
56.9 70.1 25.7
10
27.7 33.8 18.4
80.1 12.2 11.9
50.9 82.7 13.5
19.9 86.8 11.4
70.1 57.7 17.6
56.0 28.1 5.4
92.9 68.2 6.2
48.6 13.1 8.3
76.6 82.5 5.7
83.3 31.7 7.0
8
75.4 54.5 15.9
67.7 77.7 7.9
36.2 36.7 26.1
8.9 9.2 8.5
54.9 93.1 6.6
31.0 84.2 14.0
86.2 13.4 9.8
72.4 24.8 7.7
10
47.5 89.3 8.6
81.6 64.0 11.5
26.1 35.4 8.0
7.8 38.5 6.2
37.8 18.3 7.4
52.0 50.4 14.9
6.0 10.7 5.2
11.2 66.1 7.7
21.6 52.0 6.2
86.5 28.4 9.1
8
12.3 66.1 11.9
61.5 69.3 14.4
39.4 25.8 14.5
20.2 15.4 7.1
9.0 86.7 8.0
84.0 19.4 13.3
85.1 79.3 11.1
7.6 32.7 7.6
8
82.6 21.3 7.7
42.3 68.0 15.2
68.7 24.7 5.2
9.8 17.6 6.9
51.8 10.8 8.2
74.4 53.8 17.5
16.6 77.0 7.4
11.0 57.2 10.7
6
72.0 94.6 5.4
68.9 48.7 6.8
7.1 36.9 6.5
41.8 80.7 9.2
80.1 65.9 11.7
91.6 18.5 7.3
10
30.3 32.4 21.2
89.8 51.2 7.1
87.9 19.3 5.0
59.2 78.0 11.2
54.7 11.3 9.3
63.6 33.4 10.0
12.0 89.6 5.4
27.9 65.7 8.3
85.5 83.6 12.0
72.1 50.4 7.6
6
36.4 70.4 9.5
89.7 54.4 8.4
8.3 59.7 6.8
33.8 30.9 7.0
62.6 8.5 6.3
61.2 81.6 12.7
10
30.1 69.8 10.5
71.8 22.8 22.6
14.2 16.2 5.0
87.3 47.8 5.6
48.1 66.0 7.4
26.0 35.0 7.8
76.8 92.1 5.4
65.5 63.1 8.6
29.8 10.3 5.5
11.0 36.2 7.0
2
63.8 16.4 14.6
84.8 80.3 7.9
3
88.5 18.5 9.5
64.7 48.7 28.1
63.7 86.5 8.3
4
48.4 46.3 30.9
90.3 78.7 6.2
57.4 86.2 9.4
28.3 90.7 5.3
9
58.3 91.8 5.2
24.6 87.2 6.2
51.6 59.2 17.3
13.9 50.3 12.3
89.4 62.2 9.5
8.7 19.1 7.2
90.1 7.0 6.8
39.9 83.2 7.4
56.0 13.3 5.6
7
21.8 48.7 13.7
15.9 89.7 7.0
13.9 28.0 6.3
70.2 51.2 23.3
61.2 11.8 8.2
93.0 88.5 5.6
5.4 80.1 5.4
8
72.3 46.1 13.5
68.1 84.5 12.6
75.7 8.2 8.0
13.2 49.6 9.8
33.5 17.1 15.7
23.1 93.3 6.5
33.1 57.9 10.4
58.7 28.4 5.0
4
58.8 36.5 9.9
42.8 67.7 12.7
63.2 9.7 6.5
28.9 84.6 6.4
9
19.1 70.1 15.5
59.1 29.5 11.7
57.8 62.5 13.0
80.0 18.3 5.4
71.2 80.8 8.4
84.9 59.4 12.5
88.0 90.3 8.8
34.2 17.9 6.1
14.2 6.8 6.7
6
46.6 45.6 21.2
90.3 47.0 8.9
82.7 87.7 12.0
20.9 68.4 12.7
27.5 11.2 9.1
28.1 91.1 7.2
3
35.6 83.4 11.9
11.0 69.7 5.8
75.5 73.7 8.6
10
45.3 33.1 10.8
72.5 54.3 14.9
28.0 13.4 8.0
87.9 14.1 5.7
37.3 90.4 9.0
67.0 23.6 7.0
73.4 7.7 5.3
86.8 35.8 8.4
12.7 38.9 8.1
38.4 67.0 6.9
5
81.0 55.2 6.4
20.1 70.3 7.8
48.3 55.7 18.8
28.3 16.6 10.7
9.5 25.8 7.0
1
68.5 20.0 8.8
9
36.5 50.0 28.2
21.1 9.1 7.0
89.9 15.6 9.6
82.3 42.6 9.9
46.8 88.1 6.2
68.0 90.2 9.4
27.2 83.3 5.5
13.5 90.3 6.0
90.7 56.5 5.8
7
34.6 14.0 9.0
55.7 43.5 22.9
11.4 45.0 10.0
80.4 81.8 13.3
40.6 79.0 13.2
92.7 66.1 5.2
93.2 11.9 5.3
4
62.4 24.0 6.7
35.6 43.1 15.5
43.2 19.2 6.0
17.0 76.1 11.7
4
34.8 49.0 22.3
29.7 91.9 5.7
73.1 76.1 8.6
86.3 11.5 6.2
2
53.2 53.0 43.4
7.2 89.7 6.6
4
32.6 43.7 16.9
8.1 11.9 7.0
9.4 64.0 9.0
77.6 59.1 11.6
1
52.4 67.1 7.4
10
31.1 17.6 17.2
31.5 85.9 10.6
93.4 68.9 6.4
75.2 75.2 8.6
11.7 77.5 10.2
30.8 48.7 11.9
81.7 44.0 8.7
7.4 39.2 5.0
70.5 10.6 8.5
94.5 27.6 5.3
9
83.8 71.0 7.8
59.0 40.0 17.8
17.3 10.1 7.8
66.0 89.8 8.7
44.4 58.9 5.2
47.6 17.5 6.4
89.7 85.6 5.2
23.8 82.2 14.2
88.0 38.6 10.3
7
18.4 84.6 5.8
30.3 48.1 30.0
69.6 77.1 18.7
88.2 45.8 7.0
29.3 85.6 5.0
66.6 16.8 13.7
89.1 21.8 8.9
7
33.1 88.7 9.3
33.8 46.4 26.0
16.2 15.9 6.8
61.5 86.7 7.4
78.7 24.6 20.8
67.0 65.0 7.2
6.7 26.1 5.3
9
87.3 20.6 5.0
37.9 79.8 16.6
68.7 30.2 15.5
19.3 36.3 8.3
81.6 60.7 7.7
15.7 83.3 5.1
25.0 10.3 9.5
73.5 85.2 14.0
7.0 92.7 6.9
1
6.7 44.8 5.0
8
62.6 53.0 28.3
11.0 51.4 10.2
14.0 24.6 5.8
15.6 72.1 9.9
14.3 6.8 6.0
71.4 92.1 7.2
14.3 89.7 5.8
89.0 83.9 11.0
5
20.3 53.8 14.6
35.8 24.4 8.5
66.5 49.7 27.7
88.7 86.2 10.3
9.0 74.4 6.2
1
52.0 20.2 11.9
4
88.7 48.9 5.7
60.3 20.8 13.4
22.3 62.5 6.2
67.2 78.6 17.0
6
36.5 24.7 16.1
74.3 52.0 9.8
72.5 93.5 6.1
48.1 57.6 12.1
24.1 67.3 8.5
68.0 69.1 5.0
8
74.6 53.9 6.1
33.6 35.7 11.1
76.1 14.1 10.5
55.4 40.1 7.1
46.0 78.1 13.7
17.3 54.3 10.4
54.2 56.7 5.7
26.7 7.3 6.0
10
52.2 74.8 10.6
18.0 70.1 12.5
74.5 41.1 16.6
17.1 41.0 13.3
14.5 10.4 7.2
93.1 21.1 5.2
42.0 93.4 5.1
81.5 80.1 7.8
44.0 25.3 8.4
81.6 19.4 5.6
9
23.3 23.8 10.0
40.1 92.5 7.3
44.3 73.6 9.8
10.2 80.2 8.6
52.1 14.0 9.8
78.9 25.2 8.4
75.6 82.4 8.4
83.6 54.4 13.9
33.9 44.2 12.6
3
53.8 6.2 5.6
61.8 18.0 7.1
13.9 85.2 13.9
9
41.9 63.2 33.2
89.6 72.5 8.8
77.8 25.4 9.7
50.0 7.3 5.3
7.9 23.0 7.2
32.0 10.6 7.8
13.3 92.7 6.5
73.3 89.1 5.8
9.6 8.8 6.7
10
31.6 33.0 7.3
60.4 58.4 11.6
10.4 18.3 9.4
94.2 28.0 5.2
69.5 17.3 15.0
92.2 88.6 5.7
12.7 49.0 10.2
47.0 81.8 10.8
93.4 6.7 6.1
13.3 79.0 7.2
7
47.8 47.7 36.5
82.9 12.3 12.0
11.9 80.0 10.5
91.0 81.1 8.7
28.2 87.2 5.8
10.6 14.0 9.2
90.6 95.0 5.0
10
46.8 7.4 7.0
83.9 17.5 5.3
70.3 51.9 17.0
91.3 35.9 7.8
21.5 79.8 9.9
29.2 53.3 13.1
25.6 10.9 5.9
67.6 86.7 13.2
61.2 22.0 7.7
93.5 59.2 6.5
1
26.8 64.3 17.2
2
47.7 87.0 10.0
56.0 32.0 5.0
8
79.0 53.4 16.0
39.3 39.2 24.6
78.6 15.2 6.6
11.1 84.9 9.2
10.2 57.2 8.9
77.3 85.5 13.9
54.5 69.0 8.0
39.7 5.3 5.1
6
25.2 46.7 10.5
68.0 29.0 20.8
81.8 80.4 9.3
17.9 90.4 8.7
48.9 59.5 10.4
38.2 13.2 7.7
2
17.9 21.8 16.3
67.5 42.8 8.0
7
16.4 25.4 8.6
35.8 69.2 24.1
83.5 51.6 8.2
69.5 89.8 6.3
55.7 18.4 8.8
81.4 11.8 7.9
85.4 32.8 10.5
9
76.4 11.8 6.6
17.3 87.8 6.4
87.5 58.2 11.0
52.2 80.8 10.6
91.5 39.6 5.4
33.3 54.3 11.7
89.0 21.6 9.0
35.4 12.4 12.4
59.3 59.9 6.2
6
24.0 13.2 9.4
44.1 22.9 9.7
45.6 63.8 26.6
88.5 78.9 8.9
94.9 52.3 5.0
77.3 23.2 7.2
2
73.3 15.9 14.4
55.8 60.9 27.4
1
51.8 53.9 42.4
6
18.7 59.9 8.8
44.7 77.4 19.6
26.0 35.7 12.9
66.9 27.9 21.2
12.8 10.1 8.1
7.3 87.2 5.3
5
60.4 93.3 5.6
34.9 28.5 5.8
84.3 15.8 14.4
55.7 60.3 19.4
7.5 22.6 6.0
5
69.7 31.5 14.7
23.2 30.8 8.3
12.6 52.7 12.5
8.3 76.7 7.0
45.2 80.3 12.5
4
18.6 29.5 18.4
84.0 12.7 11.7
81.8 73.4 11.6
9.8 5.8 5.6
10
23.8 26.0 16.9
77.5 39.0 16.2
43.5 85.6 9.5
89.2 59.8 6.5
66.8 85.9 5.2
45.3 58.8 17.2
54.6 22.9 7.0
79.3 91.0 6.6
8.9 44.8 5.9
89.9 79.7 5.9
3
83.7 67.2 10.9
62.9 79.5 10.2
33.2 16.1 10.2
10
52.8 59.5 10.0
10.6 59.1 10.1
94.8 26.9 5.0
11.2 92.5 7.0
36.5 81.8 5.8
74.5 24.6 5.7
50.2 14.3 5.2
83.5 42.7 10.6
78.4 83.2 14.4
52.2 90.3 6.2
4
42.4 15.2 5.7
18.3 90.4 7.2
26.2 37.5 16.7
76.9 16.3 14.1
3
42.9 41.2 6.4
77.9 48.4 5.6
71.4 24.4 9.9
2
35.5 90.5 5.3
39.2 48.7 26.9
1
39.6 60.1 24.2
8
45.2 24.2 7.0
19.4 44.9 11.4
10.4 23.6 9.9
60.2 73.6 13.2
87.1 41.7 11.5
90.9 8.4 5.9
29.9 87.6 8.0
63.4 39.7 5.2
3
22.1 42.8 16.9
65.6 78.0 18.3
57.4 23.1 16.8
9
30.4 68.5 18.0
72.7 75.4 5.2
49.9 20.9 10.7
16.6 22.2 11.0
74.5 9.6 9.1
55.9 71.5 6.5
10.3 88.6 9.5
11.1 46.7 6.2
80.4 53.5 15.5
4
78.7 31.2 20.2
29.4 49.1 12.2
87.3 69.4 5.3
62.0 64.6 8.4
1
44.1 41.8 28.8
7
17.0 91.3 6.6
21.7 56.3 16.1
74.0 32.5 19.2
69.1 82.9 14.1
9.0 78.3 6.1
28.2 28.6 12.0
93.6 10.2 5.2
1
18.5 62.6 5.5
4
46.2 85.3 7.4
31.0 42.5 22.7
72.6 91.9 6.3
63.1 15.8 7.0
9
36.5 82.8 12.2
16.9 21.7 5.1
42.7 33.9 23.0
91.0 76.7 8.7
60.1 66.0 7.3
19.8 70.2 6.7
85.3 39.4 11.1
68.1 81.2 6.6
76.7 56.0 5.3
9
27.1 93.3 6.3
72.8 45.2 19.6
13.7 16.0 11.2
81.3 84.4 6.1
12.7 53.5 12.0
50.3 17.1 15.3
81.4 10.2 9.0
50.0 78.4 11.2
37.3 45.3 9.8
8
26.6 42.2 23.2
71.7 78.3 11.9
48.6 85.4 7.7
18.1 77.4 6.3
86.5 34.8 12.5
25.7 92.8 7.0
60.3 12.2 9.3
72.6 55.2 10.7
9
87.4 82.0 11.1
76.3 33.7 22.6
19.8 74.9 11.4
40.2 8.1 7.3
62.5 76.1 10.0
86.7 61.0 5.5
34.1 26.4 9.3
46.4 39.6 6.5
12.6 28.9 6.1
1
27.0 89.5 9.9
7
83.8 62.3 8.7
57.6 62.1 7.5
45.5 36.2 8.6
70.0 48.3 7.1
83.6 84.8 7.5
93.0 11.3 5.4
38.0 11.3 10.1
1
60.0 61.6 10.2
5
90.0 47.3 6.3
38.0 27.0 23.5
91.0 14.0 9.0
46.5 87.8 10.2
77.7 88.0 7.4
9
36.0 53.2 30.7
89.8 37.0 5.3
70.5 84.2 9.4
28.2 10.9 8.7
91.5 54.7 5.9
76.1 56.4 6.3
78.6 29.2 6.8
59.6 14.0 10.0
88.0 65.7 5.3
10
73.7 65.8 11.6
68.8 11.0 9.5
7.9 14.0 5.6
46.6 42.9 15.9
88.2 82.5 7.6
29.8 19.9 11.8
11.8 78.6 9.0
38.1 89.6 6.2
31.2 72.5 10.8
60.5 83.2 8.0
5
13.8 47.4 12.8
58.6 65.3 22.6
20.9 92.0 6.2
79.8 34.7 6.6
29.2 22.3 11.5
7
58.0 58.6 10.9
24.1 28.6 19.0
28.4 80.1 17.1
85.8 49.4 13.7
74.2 13.7 12.4
88.0 90.9 6.7
60.0 32.2 5.7
7
47.2 66.4 6.6
63.5 20.2 17.4
23.8 50.2 6.3
55.2 91.6 8.4
28.3 26.5 6.1
83.6 55.5 11.0
32.3 83.6 13.3
10
39.1 27.1 9.1
22.9 59.8 8.7
64.0 48.5 16.9
5.0 36.7 5.0
91.3 26.7 6.7
38.6 82.4 5.2
28.4 12.5 6.8
87.4 66.9 5.0
92.7 48.5 6.9
52.2 68.1 5.4
4
23.9 48.7 10.5
15.1 88.0 11.6
80.2 91.2 5.5
78.1 22.2 20.2
7
62.3 63.9 17.2
7.2 49.1 6.3
25.1 14.3 8.4
43.1 8.1 5.7
17.7 65.4 5.1
29.0 89.5 7.3
82.3 85.1 8.9
10
27.0 24.9 15.8
68.0 30.0 7.0
20.0 61.6 10.1
87.7 26.6 6.7
53.3 75.7 16.7
11.7 83.9 9.5
79.7 82.1 5.0
27.3 89.8 6.3
7.3 43.8 6.0
89.3 63.4 10.2
10
36.1 77.5 21.6
74.8 87.9 5.4
53.9 21.7 9.9
66.2 56.7 7.5
15.0 7.3 6.2
39.4 42.8 12.4
84.0 18.1 15.6
15.9 30.4 5.5
12.2 49.7 7.9
86.4 55.4 5.0
7
39.0 78.4 18.6
87.4 51.0 5.2
40.1 7.1 5.1
89.3 12.0 8.3
56.1 28.1 10.8
70.2 67.9 13.2
9.7 51.4 5.0
1
85.4 86.8 11.9
10
43.3 30.2 21.4
10.0 28.1 9.6
17.7 74.4 5.0
76.3 73.5 21.8
11.4 63.5 6.9
45.3 84.1 6.1
79.7 13.2 10.3
13.3 49.3 5.5
9.4 90.7 7.3
45.2 67.8 5.8
7
63.4 28.1 11.0
17.2 63.6 11.9
81.1 50.6 11.9
46.8 76.9 17.3
62.8 9.9 6.8
18.9 27.0 12.9
88.1 69.4 6.0
9
91.6 37.4 5.0
81.2 60.5 13.9
45.6 11.5 9.9
64.1 79.1 9.5
9.1 29.8 6.0
69.0 10.4 6.6
35.0 80.5 6.7
42.9 56.7 18.3
22.0 92.6 6.3
4
65.7 26.2 16.3
45.9 72.0 19.1
9.3 21.2 7.0
30.6 17.3 5.6
10
18.6 25.8 14.6
26.3 83.4 8.5
81.8 46.2 14.1
47.1 67.2 14.1
94.1 23.0 5.0
79.0 14.1 6.9
47.8 23.2 12.2
74.6 85.2 7.4
13.9 60.6 6.8
74.1 68.8 5.5
2
65.0 79.9 17.1
14.5 57.4 5.6
4
58.2 29.1 20.7
90.2 11.4 5.6
62.3 72.8 12.4
7.3 12.0 6.2
8
62.0 9.1 5.9
85.5 34.0 9.2
57.4 61.7 17.2
78.2 75.4 7.6
92.1 59.1 7.9
15.6 15.7 7.3
43.6 22.2 6.5
30.7 83.2 11.1
1
6.3 13.9 5.1
8
46.8 54.7 18.8
77.3 56.2 6.1
55.2 5.7 5.4
12.2 29.0 8.4
85.4 28.2 9.3
87.4 10.4 8.2
36.0 88.4 7.5
30.0 28.0 5.4
5
26.4 63.5 15.0
68.8 17.0 6.0
16.7 26.3 11.4
75.5 66.1 22.2
30.3 8.3 7.3
1
76.8 18.3 18.2
3
67.5 74.9 12.2
31.4 85.4 6.1
91.4 17.9 6.4
10
5.9 60.1 5.2
74.3 92.5 5.2
73.2 30.0 18.0
23.2 31.9 11.0
41.2 71.1 27.5
88.8 86.5 9.2
45.2 32.9 5.7
85.9 62.1 5.4
34.9 10.4 6.9
9.0 81.6 6.0
1
17.2 90.9 7.7
10
36.4 53.2 30.8
89.0 9.3 5.9
82.7 62.2 9.1
66.4 82.1 9.8
93.5 82.9 6.5
29.1 10.8 9.4
55.3 11.0 5.5
16.3 88.4 5.1
30.4 90.8 6.9
74.3 7.2 6.2
9
86.8 32.2 11.6
83.9 77.2 14.2
14.3 26.8 11.0
68.3 13.1 12.6
20.7 63.8 16.3
31.1 89.4 5.7
32.4 21.1 6.0
56.5 87.9 5.7
48.4 21.2 6.0
5
45.7 72.3 10.0
65.3 38.9 25.9
29.2 12.2 8.5
16.3 60.4 14.2
25.8 86.6 9.9
10
30.0 24.8 21.8
14.1 87.4 6.6
49.2 81.0 7.1
81.4 11.7 7.3
71.8 65.1 13.2
90.8 27.7 5.5
20.4 68.2 10.3
34.2 80.6 6.6
92.6 59.2 7.2
90.4 88.7 8.3
7
39.4 89.9 6.1
41.4 21.9 17.5
12.3 17.4 7.7
23.4 73.9 6.0
11.4 51.7 10.5
49.7 67.3 13.0
88.8 41.7 5.7
10
59.6 62.1 34.1
28.0 16.9 7.3
14.2 41.6 12.4
86.5 19.1 10.3
65.2 10.9 10.9
19.1 89.8 6.4
15.8 10.2 5.3
7.7 68.0 7.4
91.5 38.7 5.4
92.5 92.7 5.9
1
40.6 34.6 24.4
4
92.1 64.8 7.7
75.2 15.0 7.9
41.8 51.1 21.9
53.1 16.5 6.4
5
75.5 22.1 12.6
27.5 23.4 20.9
79.8 61.9 17.0
28.7 74.8 14.9
7.3 92.6 7.3
6
50.4 13.3 5.7
23.4 14.3 12.1
57.0 47.3 7.4
73.2 18.3 6.5
72.2 80.6 15.0
17.4 90.0 7.6
6
20.4 62.4 10.3
25.5 87.4 5.5
82.6 67.2 6.9
70.5 37.8 9.3
47.3 25.5 16.9
82.5 82.5 7.3
10
79.2 54.7 16.8
21.6 54.6 7.8
36.2 91.8 7.2
10.0 92.8 6.5
74.9 18.6 16.1
10.7 29.3 6.6
53.1 91.3 8.0
36.6 60.2 7.4
20.9 81.6 8.0
91.2 86.9 5.4
5
17.6 75.2 11.8
74.7 72.8 18.4
33.2 31.0 5.5
92.3 35.1 6.5
47.7 65.7 7.7
6
37.8 80.2 13.5
39.9 21.6 20.6
14.2 40.1 5.0
83.9 29.4 5.6
13.2 76.4 7.7
82.7 85.0 6.3
9
10.4 77.0 8.7
63.4 48.7 22.6
64.8 81.2 9.1
36.8 22.9 10.7
34.2 84.4 5.4
21.8 42.7 14.1
65.3 10.6 6.6
91.5 66.5 6.4
86.6 16.1 13.2
9
42.6 26.6 10.4
11.9 6.1 6.0
91.5 24.1 6.7
52.0 83.6 16.4
20.9 53.2 13.9
26.7 16.2 6.8
73.5 44.6 11.0
81.3 68.7 10.6
18.9 84.8 12.5
3
74.8 57.7 17.8
32.1 32.7 19.0
10.7 90.1 5.5
1
24.0 42.1 12.8
9
27.2 46.4 17.7
18.5 8.1 7.3
73.4 26.7 22.4
42.6 88.2 6.1
83.8 77.9 14.9
13.7 77.3 7.1
46.2 16.8 5.1
7.9 26.1 7.4
41.4 70.3 9.0
10
9.5 23.2 5.1
38.1 72.7 25.9
48.0 22.9 6.1
85.2 64.1 13.3
43.0 6.8 5.6
87.4 89.0 9.5
78.9 19.5 10.0
75.6 39.3 9.8
73.4 80.5 6.0
22.6 40.5 9.5
2
69.3 55.0 6.5
30.2 46.9 13.7
3
91.8 23.8 7.8
29.5 41.7 18.0
9.9 81.5 9.1
10
21.8 44.2 8.3
17.8 79.1 5.1
64.0 50.5 19.0
34.4 61.9 5.8
85.9 8.3 8.2
56.4 14.3 13.3
43.4 89.3 8.4
91.8 45.4 5.3
15.2 19.0 5.5
81.7 79.2 11.7
8
28.9 32.1 16.0
66.6 64.0 6.0
55.2 48.2 8.1
71.3 25.0 17.7
11.4 69.2 9.4
36.2 92.9 5.1
33.2 79.7 7.3
37.8 5.6 5.2
3
70.1 72.4 13.1
42.8 8.2 6.1
48.3 73.5 8.0
5
72.1 50.3 25.8
72.5 92.6 5.6
14.6 10.0 9.1
34.4 29.2 17.1
93.7 85.2 5.6
1
41.4 36.6 19.9
5
41.8 74.1 13.0
9.4 32.1 5.1
75.1 74.4 11.9
15.4 81.5 7.2
71.8 13.3 6.7
10
83.8 34.2 5.0
36.1 87.4 7.7
58.0 66.0 6.6
49.8 36.4 21.1
14.6 66.7 7.8
71.0 89.3 5.7
16.3 43.8 11.8
13.5 14.4 5.7
52.8 82.0 8.2
85.7 89.4 8.5
2
48.9 62.3 6.0
58.7 33.2 10.8
2
36.9 21.7 7.0
49.1 75.9 9.2
5
23.2 8.0 7.3
18.7 48.2 11.1
35.8 91.8 6.7
89.7 67.0 5.8
8.0 20.2 6.3
9
81.1 46.7 17.0
50.9 14.0 12.4
42.2 83.4 14.1
45.3 52.6 16.4
17.2 11.0 6.2
15.0 27.3 8.5
68.6 81.0 9.0
85.2 92.9 5.1
88.2 10.9 5.7
5
19.3 21.7 14.8
85.5 13.6 11.7
74.8 68.2 12.0
40.1 47.8 11.0
24.3 79.4 14.2
6
35.1 21.7 6.9
64.5 18.2 5.3
69.9 92.8 6.3
19.2 70.7 17.3
93.0 78.5 6.2
15.1 11.2 10.4
7
92.3 21.3 6.5
38.1 75.5 8.3
19.6 12.0 10.7
73.7 52.3 5.0
88.5 54.7 9.8
22.9 51.3 17.1
19.3 92.2 5.3
8
41.7 28.8 25.9
89.1 77.5 7.1
34.3 79.9 7.9
86.8 49.8 12.4
73.5 14.0 5.8
18.0 57.0 10.3
71.7 87.1 9.3
89.0 15.7 6.4
8
16.6 90.5 9.0
56.2 91.3 8.1
54.5 51.7 9.7
63.4 10.0 8.0
82.9 20.6 13.8
27.5 22.7 8.3
7.9 58.5 7.6
28.6 43.3 9.5
8
58.8 23.7 13.6
17.9 74.1 11.8
48.9 59.8 17.1
67.8 82.7 10.0
20.2 23.7 5.0
70.2 43.6 8.1
76.9 11.1 5.3
41.9 92.4 7.4
3
92.9 20.7 5.1
75.5 61.6 12.2
23.4 45.8 15.0
5
30.4 49.3 5.3
17.6 13.2 12.5
66.9 25.1 10.1
13.2 77.1 8.2
8.2 33.0 6.6
4
72.1 14.1 7.6
59.5 72.5 19.6
25.5 52.0 19.2
51.2 26.3 10.0
2
69.0 18.8 5.9
14.7 42.7 14.6
8
11.2 41.9 5.3
65.7 24.4 14.8
21.3 14.8 6.1
41.2 66.9 20.5
14.5 56.4 6.5
90.7 46.0 7.1
80.5 90.0 8.2
17.9 91.0 7.3
9
63.2 17.9 5.7
64.2 93.9 5.2
36.0 88.3 9.4
37.9 50.9 22.7
76.5 44.2 13.4
91.2 21.8 6.1
81.4 73.8 7.9
57.9 5.2 5.1
11.4 85.8 7.3
5
16.8 42.1 6.9
43.6 26.1 16.7
77.8 39.8 16.9
89.8 69.8 6.3
58.3 7.8 6.6
10
44.1 42.9 39.8
93.0 72.3 5.5
25.7 92.9 5.1
9.6 82.3 5.6
66.1 86.4 6.2
81.5 83.2 6.3
85.6 11.9 8.0
93.8 55.5 5.6
93.1 92.3 6.8
51.9 94.0 5.4
9
10.1 72.6 6.9
42.9 74.0 11.3
28.0 50.1 14.9
90.7 20.8 5.4
81.2 40.2 9.5
70.9 22.2 5.8
91.0 56.6 7.7
92.4 88.5 6.9
9.5 9.5 5.9
6
87.5 9.1 8.0
26.6 82.4 10.7
72.7 58.4 18.8
44.5 33.2 12.0
46.9 7.1 5.1
20.1 17.2 11.6
10
14.3 62.8 9.4
80.1 31.4 6.2
24.5 13.0 6.7
47.0 48.4 11.8
89.8 42.5 5.2
21.9 92.1 6.6
81.9 75.1 13.7
23.9 44.7 7.1
90.0 17.3 7.1
55.7 21.8 11.9
6
31.0 34.6 15.5
60.8 94.1 5.9
43.5 89.7 7.0
47.1 12.6 10.0
23.0 79.2 16.0
70.7 35.7 8.8
7
65.5 27.7 10.8
53.5 71.7 8.6
41.0 89.3 7.4
30.7 13.7 10.8
7.5 13.0 5.2
83.0 84.4 7.3
83.4 58.1 16.2
7
86.1 23.4 8.6
32.9 54.3 13.9
43.1 17.6 10.9
75.7 48.0 16.2
6.6 32.4 6.0
14.5 91.2 6.8
69.5 88.9 8.3
9
18.9 85.3 5.9
55.2 26.5 18.9
47.9 70.9 22.9
28.6 12.3 8.0
82.0 53.1 10.4
90.2 13.8 6.1
16.1 34.3 13.6
88.4 73.7 6.8
9.1 53.2 6.3
6
19.3 19.4 8.4
54.0 49.3 31.1
13.9 88.3 9.5
69.9 91.2 8.3
45.4 8.0 7.4
90.1 20.3 5.0
2
38.9 26.1 17.3
47.6 85.3 8.9
3
46.2 61.1 38.1
10.2 92.0 7.5
17.2 19.0 8.1
9
25.2 9.9 9.1
18.5 46.2 15.4
55.0 27.0 24.1
37.2 78.0 5.5
85.9 16.4 5.0
84.9 38.2 6.1
9.6 88.6 5.3
63.2 69.9 17.7
87.8 78.2 5.3
2
28.9 69.7 5.2
81.9 61.2 8.1
3
82.1 79.4 6.0
63.5 37.6 12.2
15.4 14.8 12.8
3
21.9 35.9 5.3
85.8 58.2 12.4
90.4 10.5 8.1
3
90.5 64.7 5.5
57.7 55.8 5.0
38.0 38.2 6.8
1
84.8 16.3 6.0
3
30.1 70.4 6.7
83.0 60.9 14.0
86.5 86.9 6.3
1
69.0 69.9 25.6
6
28.8 54.0 11.8
16.8 89.2 10.4
70.2 87.8 10.2
60.3 59.3 8.4
65.6 33.7 15.9
31.9 19.6 6.0
7
65.1 41.1 30.0
11.1 84.3 9.0
18.9 28.6 13.0
27.9 45.9 5.3
61.5 86.8 5.0
93.1 88.8 6.5
38.5 11.4 5.7
3
37.3 85.2 13.5
59.5 15.4 12.2
87.5 24.6 5.3
1
72.4 61.8 22.1
9
45.2 8.9 7.2
24.4 43.0 6.3
14.6 13.1 9.6
40.4 77.8 8.4
66.9 43.1 31.8
31.2 11.8 6.4
11.4 75.7 9.0
8.4 31.0 5.6
30.8 57.6 7.1
9
89.8 67.7 10.1
27.4 37.4 17.8
56.3 58.2 14.9
52.3 90.0 6.3
61.1 20.7 12.2
27.4 7.8 5.8
89.5 24.4 6.6
38.8 89.8 6.1
16.4 91.3 6.9
3
60.9 77.9 5.9
22.3 86.4 5.9
37.0 76.1 9.3
5
17.0 72.5 9.6
80.6 35.4 14.0
31.7 21.9 5.9
16.3 13.8 11.3
91.8 10.3 6.0
8
43.6 26.5 6.8
80.3 41.4 11.4
14.2 38.6 10.6
8.8 82.7 7.1
7.4 14.2 5.0
93.1 90.0 6.6
65.9 75.8 17.8
71.9 15.0 8.4
6
47.2 83.6 8.5
73.4 58.1 12.0
13.2 42.1 9.6
8.8 74.4 5.6
39.5 21.8 8.8
13.4 11.2 6.1
2
66.9 51.9 22.4
9.3 85.9 5.8
9
63.8 50.2 27.6
13.3 74.3 6.3
14.3 12.9 9.6
89.6 82.7 9.5
5.5 25.4 5.4
93.6 11.4 5.3
78.2 16.0 5.0
39.9 88.2 7.4
50.8 10.0 6.7
3
58.4 66.8 8.0
11.5 25.5 9.3
14.1 58.1 13.1
10
67.9 77.6 9.2
13.0 65.9 12.6
85.2 82.7 8.7
87.8 65.2 7.3
25.9 91.3 8.7
13.6 21.4 9.3
73.4 30.9 19.8
38.0 28.6 7.4
53.0 88.0 8.8
38.1 70.2 5.9
4
64.2 18.8 5.5
56.2 37.8 6.8
43.1 92.4 5.0
23.2 11.3 10.8
3
22.0 47.4 8.8
83.0 7.9 5.8
34.3 17.1 9.9
5
51.6 22.7 9.4
13.7 61.6 10.7
70.5 58.0 6.7
21.1 14.8 9.2
36.7 77.2 12.7
9
88.8 84.8 7.1
62.3 76.0 5.7
14.6 50.8 5.3
38.8 59.1 7.8
76.7 38.5 15.3
92.2 12.8 6.6
11.0 83.1 7.7
8.2 66.5 6.7
50.2 11.6 10.1
10
54.2 57.9 34.5
7.9 76.4 5.4
79.3 15.3 5.8
90.7 30.6 5.4
33.2 9.0 5.9
10.3 48.4 5.2
94.7 92.4 5.0
18.1 13.2 9.4
16.1 36.4 5.7
56.2 8.9 6.5
8
30.8 76.4 9.6
85.3 55.2 11.3
57.1 26.8 25.1
34.4 48.1 5.2
81.3 87.0 6.8
7.1 21.9 6.3
22.9 12.5 10.9
5.3 76.8 5.3
4
73.0 83.6 7.3
68.6 42.2 10.3
41.1 84.2 5.6
90.2 45.3 7.0
2
35.9 85.9 8.0
53.3 71.3 13.3
8
52.9 76.9 14.4
14.8 15.0 5.0
90.1 38.3 7.8
70.5 16.8 10.9
89.0 64.9 7.4
21.9 50.5 19.8
49.5 15.3 6.8
14.5 82.7 8.0
10
30.2 54.6 17.9
15.0 14.9 5.1
68.2 38.7 14.2
80.2 7.7 5.1
41.1 86.6 6.6
86.5 50.2 6.1
5.7 49.5 5.7
39.6 17.0 10.8
64.8 88.3 9.6
8.4 78.9 6.5
3
63.3 52.4 28.2
28.3 10.8 8.6
26.4 46.2 8.0
10
70.9 67.0 23.5
30.3 38.4 15.9
6.2 35.1 5.4
59.6 15.4 13.2
33.2 10.2 5.8
29.3 89.2 5.2
78.4 17.0 5.2
17.4 10.7 8.6
41.7 91.7 5.6
14.7 89.9 5.8
5
71.7 45.3 20.7
9.7 57.3 5.8
81.4 15.1 10.3
27.3 31.5 9.3
35.2 12.6 8.8
1
62.2 29.5 23.1
4
30.0 82.5 10.1
37.1 13.6 13.0
40.0 62.7 10.4
53.4 81.2 7.1
7
66.4 64.0 26.0
49.3 25.8 13.4
14.4 43.5 9.9
83.6 28.5 12.3
39.7 88.4 9.2
9.6 63.4 8.9
22.4 10.5 9.7
8
84.2 83.2 11.3
39.3 39.7 20.2
21.6 18.0 6.5
78.0 26.2 14.1
8.7 25.7 7.9
89.4 53.1 8.4
15.7 80.9 7.1
49.8 85.0 7.2
5
86.0 53.1 10.0
17.9 65.2 15.9
44.9 23.2 13.8
71.4 12.7 8.0
60.7 84.8 10.8
2
52.8 52.0 14.0
22.1 37.9 19.2
1
22.1 29.5 19.8
9
48.7 46.4 38.5
11.8 82.0 10.2
85.3 9.3 5.0
8.5 12.4 6.2
86.3 76.7 5.2
28.6 7.3 5.3
93.0 24.7 5.5
46.3 92.2 7.3
70.2 92.6 7.1
9
8.6 91.4 5.9
7.9 38.3 7.5
94.6 10.6 5.2
41.8 37.1 18.5
74.9 84.8 13.7
80.6 9.9 8.4
90.5 29.1 6.0
61.5 12.2 7.1
47.2 78.6 8.3
9
11.7 86.0 5.0
20.3 27.9 13.4
36.5 70.3 14.3
84.4 13.3 9.1
59.3 13.9 8.7
65.8 85.5 10.2
92.5 43.1 6.0
58.2 37.7 6.7
22.5 7.5 6.1
3
80.4 72.6 12.3
31.0 50.1 27.9
74.3 18.0 10.8
9
40.2 57.1 31.2
8.2 83.8 5.5
90.9 16.1 8.5
75.8 42.1 6.4
92.2 81.6 6.3
26.9 12.8 9.4
73.5 86.8 6.7
91.8 64.2 7.2
53.9 13.8 7.9
7
29.5 68.0 15.2
51.5 26.2 21.2
77.0 88.8 9.2
94.7 94.2 5.1
20.2 47.5 5.5
22.8 93.5 6.5
93.4 27.5 5.2
1
89.2 12.5 5.0
1
51.2 73.4 25.7
8
30.1 59.6 7.5
72.6 62.7 26.1
16.8 24.5 10.0
38.3 74.2 6.2
8.5 74.2 5.8
7.4 52.1 6.5
64.3 16.1 13.2
91.3 24.3 5.3
10
7.7 18.3 6.2
61.2 29.2 18.3
38.6 57.0 5.1
76.0 72.7 12.4
48.1 85.0 9.1
21.6 81.2 11.8
29.2 7.2 7.2
18.0 53.8 6.6
51.7 58.9 6.6
93.1 32.2 6.5
9
40.8 72.1 26.0
37.1 24.2 10.0
82.3 67.2 10.2
69.5 11.4 7.3
82.7 91.2 6.7
69.5 28.9 8.6
23.7 43.2 5.4
90.5 25.0 6.5
54.2 31.4 6.1
3
22.6 84.9 9.0
52.2 11.1 6.5
55.7 92.6 5.0
2
51.1 88.9 6.7
73.0 56.4 9.7
5
66.5 41.0 29.5
16.6 20.4 10.1
5.2 84.8 5.1
51.7 87.0 12.3
20.6 83.1 5.2
10
60.4 56.5 10.5
87.2 47.2 10.5
87.6 19.3 11.2
73.7 83.4 7.0
40.2 80.2 14.8
52.9 18.1 11.7
9.1 42.4 5.8
20.1 61.4 5.8
15.6 23.5 11.7
14.1 82.4 5.1
10
81.0 68.6 11.5
40.7 43.4 26.6
75.2 14.5 10.2
11.2 19.1 5.0
55.2 88.3 11.2
32.2 83.8 10.6
36.7 9.4 6.5
7.5 42.9 6.1
14.2 8.9 5.1
84.7 38.0 10.0
2
35.1 40.1 22.4
94.3 18.4 5.3
2
59.2 39.4 33.5
17.4 48.7 6.2
10
17.1 82.2 14.6
51.8 41.4 12.9
48.4 75.0 11.5
46.6 13.9 12.7
82.1 76.7 16.4
15.5 6.4 5.3
72.4 9.4 8.5
91.7 7.6 6.7
72.9 46.9 6.9
14.4 29.6 9.2
7
82.8 62.2 16.6
80.7 27.0 10.0
36.7 23.8 19.3
44.3 85.6 8.6
10.8 50.7 5.9
71.4 88.4 5.4
5.7 80.0 5.5
3
83.0 43.6 14.6
70.7 19.8 8.9
87.8 70.4 8.3
7
59.4 56.1 15.5
82.9 73.7 13.8
33.0 21.0 8.0
71.0 18.9 10.2
5.5 21.9 5.4
83.6 52.0 5.1
43.4 33.6 7.6
5
11.8 63.8 7.5
85.2 15.1 9.5
66.0 67.7 30.9
89.3 30.4 5.0
14.4 38.8 5.9
2
38.8 16.5 7.7
84.6 17.9 7.6
6
77.3 59.4 20.4
34.7 85.0 5.2
76.9 12.4 9.3
91.2 87.4 5.9
24.4 40.7 5.5
11.0 70.5 9.1
3
24.2 17.6 13.2
64.6 28.5 27.7
21.5 76.1 14.1
5
56.5 24.5 19.1
35.8 80.8 16.1
6.4 52.2 6.0
34.2 54.9 5.0
69.5 71.1 6.0
6
60.6 29.2 8.8
45.4 65.1 24.8
13.7 84.7 12.0
88.2 74.9 7.4
30.1 21.5 6.3
13.2 10.3 5.4
4
43.8 60.4 37.2
93.0 14.5 5.9
90.7 30.3 6.7
21.6 8.3 5.0
6
47.7 7.4 5.8
59.7 54.1 7.3
87.9 90.4 8.9
21.7 61.8 13.5
81.9 41.3 14.6
59.0 19.2 7.8
3
37.4 74.5 23.7
88.5 23.5 5.4
15.7 15.6 5.0
9
35.5 29.1 24.5
78.8 9.3 9.3
8.3 78.3 7.0
62.1 73.1 22.8
18.2 64.9 8.9
84.2 31.7 8.7
72.4 39.1 5.1
32.8 89.5 6.7
93.4 51.7 5.4
10
31.4 38.2 24.0
67.9 80.7 17.1
93.2 54.3 6.4
69.6 34.4 7.5
72.5 14.2 5.8
19.9 68.3 7.3
16.0 12.5 5.5
39.5 84.2 9.4
86.6 26.8 11.0
92.1 72.7 5.0
1
52.0 76.8 15.5
3
19.0 91.9 7.6
19.1 41.6 9.0
53.6 80.9 7.3
4
33.0 76.2 14.1
21.2 17.5 14.7
81.9 76.6 11.9
49.1 55.2 6.5
7
62.0 70.5 14.5
23.1 36.5 7.3
25.4 61.5 17.6
34.3 9.3 8.3
76.6 37.7 9.9
83.1 13.0 6.7
17.4 20.1 9.8
5
76.9 31.2 13.8
53.1 13.3 9.9
26.3 76.9 20.6
20.9 38.6 13.2
83.3 9.7 7.1
3
53.7 80.6 9.1
44.8 50.6 19.9
77.3 89.6 7.6
3
74.1 77.6 7.6
39.9 74.2 8.9
6.9 24.5 5.5
2
49.6 84.1 7.2
25.8 54.0 16.7
1
70.7 66.9 5.8
10
58.2 18.7 12.8
76.2 61.1 6.5
23.1 74.2 8.7
44.8 51.6 7.7
13.5 27.3 9.3
54.7 84.3 13.4
91.4 88.5 5.7
94.6 27.0 5.0
86.1 14.3 8.4
36.8 29.4 9.2
7
33.3 80.1 16.3
66.6 30.4 28.2
12.5 29.7 7.2
19.9 8.4 6.9
73.8 80.7 13.1
8.5 94.9 5.0
12.9 60.7 11.1
2
85.0 50.3 11.7
21.3 68.2 11.9
4
66.6 85.0 9.0
92.1 92.2 7.2
49.8 52.1 25.6
11.0 22.7 6.3
3
69.3 31.9 6.6
15.5 72.0 10.0
23.3 34.8 6.2
9
66.8 86.1 5.0
29.5 19.7 9.4
70.6 32.0 14.5
90.4 49.7 7.9
21.7 57.3 19.8
6.9 20.4 6.8
72.3 66.1 13.6
39.7 83.8 7.4
6.3 92.4 5.5
5
53.6 75.4 14.3
33.0 13.5 9.0
10.4 21.7 9.7
19.1 81.2 12.7
82.8 50.0 10.3
10
8.5 84.5 5.4
56.0 38.8 8.7
65.8 16.4 10.1
7.7 52.9 6.1
30.0 72.0 5.3
24.3 9.9 6.7
9.8 72.5 6.6
78.0 79.7 20.2
62.8 56.7 5.5
14.9 21.6 7.0
2
11.6 36.8 6.5
90.5 17.0 7.0
7
7.3 18.8 6.0
70.2 39.2 27.2
21.8 50.9 16.4
45.5 87.2 5.0
15.8 88.0 11.6
72.6 92.1 7.0
21.7 10.6 7.5
1
29.4 88.1 7.8
5
32.6 88.5 8.8
35.5 22.3 7.5
88.5 20.5 7.6
84.6 85.6 10.8
27.2 67.6 5.4
4
92.3 8.3 5.4
48.7 19.9 14.8
19.3 88.8 11.1
76.4 56.1 17.5
7
55.9 22.1 5.4
35.3 78.1 10.6
27.8 12.2 11.4
80.2 76.7 8.7
76.8 15.6 7.9
11.3 65.0 10.8
57.4 59.4 14.9
1
27.6 61.2 16.1
10
19.0 56.8 8.4
51.9 73.1 7.6
45.8 86.7 6.9
82.3 69.3 8.2
51.0 42.7 20.4
5.6 82.7 5.1
11.3 41.8 7.7
9.6 10.6 6.2
76.7 28.1 5.5
90.0 13.9 9.6
8
68.0 49.0 30.0
58.9 88.7 7.0
74.6 85.8 7.3
21.6 14.8 11.4
9.9 91.4 8.1
26.1 70.4 10.5
7.7 34.8 5.9
9.4 62.5 6.5
6
76.7 70.6 14.4
67.5 20.4 13.0
18.5 70.0 7.9
86.0 49.0 7.3
54.0 87.8 6.7
55.3 45.6 5.7
7
72.9 44.1 10.3
36.9 47.2 5.5
14.2 18.7 6.1
87.5 19.7 11.2
45.5 81.8 5.4
22.0 73.5 5.1
29.9 12.2 10.1
6
54.8 28.3 25.0
85.6 46.2 10.3
65.2 71.6 14.0
80.9 93.1 5.7
11.1 22.9 9.3
42.6 82.0 9.7
8
11.6 21.9 6.1
56.5 19.0 8.0
83.1 61.4 11.5
89.4 29.0 6.7
87.9 86.3 8.0
46.7 64.5 24.4
25.1 30.5 5.1
72.2 9.6 8.0
1
25.6 11.8 5.9
2
76.3 30.1 21.4
17.3 28.9 14.9
4
30.5 71.1 23.7
78.6 38.6 15.7
50.8 16.8 10.3
20.8 17.8 14.8
10
10.8 34.5 10.7
51.3 60.3 14.3
14.2 90.6 6.3
33.4 90.7 5.1
54.2 10.5 7.4
19.8 52.3 8.1
14.1 13.8 8.7
62.4 85.5 7.8
74.5 30.5 5.3
89.8 26.7 9.3
4
49.8 11.2 5.6
54.2 73.2 12.6
21.1 35.0 17.9
93.2 90.3 6.0
1
55.6 88.0 6.4
6
62.1 26.7 5.1
84.2 16.8 12.0
53.9 74.7 10.4
45.5 18.4 6.8
12.8 41.7 12.0
18.8 69.7 9.6
4
23.9 24.0 16.3
77.6 78.7 16.7
49.7 85.9 9.7
60.6 35.3 16.4
1
52.6 47.8 43.7
3
36.8 49.5 7.8
59.2 82.8 14.4
34.9 73.4 11.5
6
91.0 88.8 8.1
70.3 39.7 11.1
35.7 60.2 15.8
9.4 49.0 6.1
90.7 36.4 7.3
20.5 19.6 16.0
9
50.0 70.8 24.3
88.3 22.3 6.3
19.3 83.1 6.0
26.9 32.2 14.5
87.0 36.2 6.0
74.5 12.2 7.2
91.0 57.9 7.9
63.4 31.2 14.2
84.8 80.4 10.2
5
65.8 66.2 29.7
27.6 62.2 5.2
6.7 56.6 5.1
24.7 20.1 18.2
17.9 86.3 5.9
10
47.3 23.1 16.3
75.8 39.0 13.3
15.8 76.4 14.4
79.2 61.1 8.5
58.6 87.4 12.2
18.8 26.5 7.9
90.6 8.7 7.2
87.9 90.7 7.5
40.0 88.4 5.1
21.7 46.5 5.8
5
74.7 36.9 14.2
62.7 87.5 6.4
14.3 84.1 7.9
50.5 85.8 5.2
65.0 11.4 8.7
7
75.3 54.0 6.8
79.5 77.8 8.3
29.6 67.6 13.1
76.9 12.0 5.3
14.5 17.6 14.2
55.3 33.1 15.5
92.8 92.0 7.0
4
73.3 62.8 14.5
28.3 31.3 26.0
91.6 86.4 5.5
70.0 7.4 5.5
2
33.7 39.3 28.2
77.4 50.4 9.0
2
35.1 58.9 30.9
66.1 29.6 8.7
7
62.9 35.6 22.4
25.6 50.1 6.2
77.6 84.0 16.0
45.4 68.4 8.4
25.9 23.0 6.8
6.7 77.0 5.0
7.9 14.3 6.4
4
66.0 42.0 15.2
33.0 38.0 7.7
83.6 86.2 7.6
36.8 11.6 8.2
4
69.7 84.3 6.6
78.1 46.2 20.8
93.0 8.0 5.1
38.8 52.2 11.3
4
78.0 48.7 7.9
82.3 74.8 15.0
47.3 17.5 5.8
22.5 62.5 6.1
3
65.0 72.3 16.0
74.6 26.3 22.6
7.9 12.8 6.6
2
49.8 26.6 11.5
16.4 21.3 15.2
3
43.6 50.0 34.9
13.1 18.2 5.7
88.0 91.4 5.8
3
90.4 88.9 7.9
56.9 36.7 20.6
56.5 79.8 11.8
2
49.5 44.5 17.3
32.5 88.1 6.2
9
56.1 78.4 10.7
32.5 21.7 10.1
87.4 46.7 6.5
43.4 45.0 7.0
55.0 35.1 7.9
33.7 68.2 12.2
73.2 57.9 10.3
49.9 7.7 7.2
17.9 93.6 5.6
8
60.0 40.0 20.8
61.7 77.5 5.5
85.5 68.5 5.3
90.9 81.6 7.3
19.9 54.8 18.6
40.4 78.3 7.8
89.4 25.0 6.0
71.6 12.8 6.1
8
48.9 60.2 36.7
41.0 17.8 5.2
20.3 13.5 7.9
9.5 33.3 8.2
73.7 9.0 5.5
91.6 29.3 7.9
8.3 77.3 5.3
5.6 54.8 5.5
4
46.3 73.5 26.2
90.5 8.3 6.7
28.7 32.8 10.7
47.6 32.3 5.4
1
59.7 67.8 26.2
6
44.1 49.7 23.4
91.4 51.3 6.3
13.7 68.7 9.7
73.8 82.2 6.1
71.4 9.1 8.3
28.6 13.7 8.3
9
77.8 28.2 5.0
57.2 63.1 28.2
5.6 80.2 5.5
25.4 85.6 8.6
78.7 11.2 8.2
24.6 18.0 11.2
61.7 15.3 8.5
86.7 34.9 5.6
16.0 58.2 7.6
5
41.5 56.3 23.2
78.8 79.2 16.3
49.6 9.8 9.4
29.9 14.0 8.2
81.2 39.4 17.6
5
53.8 39.5 16.5
11.7 78.5 6.8
54.3 66.4 9.8
8.7 10.4 6.4
31.8 56.3 5.2
7
69.8 53.6 10.6
87.0 90.8 6.4
11.3 36.4 10.1
74.3 19.7 8.1
64.5 6.0 5.4
34.2 39.2 11.8
33.6 83.6 10.5
3
32.2 6.7 5.9
67.5 69.2 11.5
72.1 18.8 15.5
8
6.5 65.9 6.1
13.0 89.3 6.5
55.4 24.1 12.8
30.8 40.6 16.2
6.1 8.3 5.6
88.1 75.0 8.2
28.3 92.2 7.3
20.8 15.3 8.9
9
35.7 41.6 23.2
65.8 73.6 11.7
78.6 10.8 8.2
38.1 87.5 6.2
70.4 26.9 5.1
78.0 48.8 9.0
7.0 45.4 5.0
84.7 87.0 9.7
21.5 83.1 10.1
1
79.3 36.0 11.1
8
46.4 26.1 25.2
13.8 52.4 12.8
79.2 8.5 6.3
75.2 66.2 16.6
6.7 32.1 6.7
25.0 78.1 11.4
71.1 89.7 7.1
92.2 91.9 5.5
1
49.2 64.8 16.2
9
46.1 80.7 10.7
79.7 55.6 11.1
31.5 24.2 24.0
26.8 66.5 8.8
50.4 58.5 8.8
78.9 12.9 6.8
72.7 93.4 5.1
90.8 92.2 5.8
6.2 92.1 5.3
2
27.3 59.8 26.8
88.0 22.1 7.2
1
47.2 12.1 9.5
8
86.5 76.9 5.0
45.1 80.1 8.1
56.3 48.5 11.4
28.1 36.1 8.6
33.0 11.9 9.6
9.6 19.7 8.8
58.1 12.0 8.8
91.0 90.7 9.0
7
87.5 53.4 7.9
56.2 43.6 13.1
78.8 89.0 10.3
47.5 89.0 10.5
85.9 31.0 7.6
16.1 10.9 9.2
50.8 7.8 5.9
6
42.7 82.2 8.7
8.0 87.0 7.9
60.4 41.7 30.7
16.6 32.4 13.0
27.3 70.9 6.0
42.0 9.4 6.0
7
79.4 79.5 19.8
21.8 45.7 8.4
47.9 55.1 9.9
88.5 44.3 8.1
59.3 23.6 18.0
10.9 69.8 10.0
22.1 22.3 12.6
1
74.3 91.1 8.1
9
66.3 78.1 14.0
14.6 29.2 13.1
59.0 30.7 16.8
38.3 57.3 8.0
16.0 59.0 12.4
88.9 10.6 10.1
85.9 65.9 8.9
34.6 90.2 8.7
35.1 10.0 5.1
9
46.9 39.5 10.4
18.5 85.8 7.5
66.8 87.9 9.7
78.1 14.4 7.3
22.2 12.9 6.3
46.2 87.7 6.5
89.3 66.7 7.3
81.1 49.7 5.9
60.1 20.2 5.4
3
84.7 66.3 5.7
77.3 35.2 22.3
26.1 62.0 19.1
4
85.7 77.6 7.5
39.2 92.9 6.0
63.1 33.3 14.4
48.5 59.9 15.2
9
84.7 91.4 5.9
78.1 44.8 20.0
12.6 62.0 6.0
34.9 72.6 10.9
45.3 21.7 8.6
27.6 55.7 6.5
69.9 77.5 6.1
44.3 49.8 9.1
17.4 25.4 10.5
9
60.1 42.5 14.8
29.7 75.1 7.2
17.7 33.5 8.6
88.3 12.0 8.3
61.2 82.9 7.5
93.3 92.2 5.4
60.8 15.2 10.5
5.2 66.4 5.0
81.3 73.5 13.6
8
12.0 13.4 11.4
65.3 23.8 22.9
38.0 7.3 6.3
22.0 90.7 8.1
9.5 69.1 9.0
29.8 47.4 18.1
58.6 66.4 16.4
68.7 86.4 5.9
8
54.8 24.3 8.8
30.9 80.9 8.7
36.0 38.9 12.2
15.6 60.5 12.9
88.8 21.7 11.0
52.8 58.7 5.4
70.8 9.9 6.0
50.7 90.4 5.2
9
26.9 61.0 7.6
70.5 44.1 27.5
36.6 28.7 8.1
57.4 92.7 7.2
10.3 62.9 5.6
32.1 89.9 5.0
18.3 91.7 6.9
21.5 22.9 7.5
57.0 78.8 5.0
5
30.4 91.6 5.8
87.3 31.9 9.6
55.0 75.2 6.0
22.6 77.0 6.6
92.8 78.0 6.5
4
15.0 88.1 8.0
65.0 78.4 15.9
77.7 50.0 15.2
65.7 21.9 12.6
9
11.1 59.9 5.8
63.7 16.1 6.3
91.4 7.3 6.2
38.1 59.2 20.6
39.4 27.5 6.9
82.3 43.6 10.2
74.8 67.0 9.3
36.3 87.2 7.0
11.5 79.0 5.8
10
88.2 9.1 8.5
41.3 81.6 11.6
10.3 49.3 5.0
80.0 51.1 12.3
12.4 65.4 8.4
46.0 30.6 14.5
79.5 24.8 7.3
29.3 50.4 8.1
12.5 28.5 5.1
50.2 52.2 7.0
9
81.5 64.5 15.5
60.9 80.9 9.0
61.2 24.2 19.8
39.5 87.9 9.0
31.2 57.2 13.9
15.5 10.3 7.4
17.1 35.5 5.6
23.9 92.5 6.2
6.3 52.8 6.3
4
43.6 39.5 24.9
57.3 86.8 11.0
62.0 6.7 5.9
85.3 45.3 14.2
5
71.2 80.6 14.9
44.9 43.8 13.0
29.0 74.6 21.6
51.9 24.1 7.4
86.6 17.5 8.5
4
17.9 61.4 8.3
69.6 41.2 6.5
59.4 65.3 13.8
92.1 69.3 7.2
4
22.9 39.9 20.0
72.9 56.8 24.6
88.3 89.1 6.3
33.7 81.7 12.7
5
91.3 11.5 6.1
48.4 57.4 35.3
36.1 10.5 10.1
11.2 11.5 6.3
75.7 21.4 5.7
6
37.8 28.8 16.4
42.7 89.9 6.7
76.3 11.3 8.7
68.9 51.1 9.5
63.6 90.1 7.8
11.5 19.8 6.3
8
87.5 68.5 7.8
36.6 83.2 10.5
52.5 50.4 9.4
60.9 90.1 6.4
81.1 9.6 5.3
66.6 17.5 7.9
75.9 57.9 7.0
80.9 34.5 10.8
7
93.5 52.5 6.2
20.6 61.2 16.6
65.7 22.9 22.2
32.2 85.9 8.4
50.4 68.3 10.5
26.7 8.6 6.9
84.7 77.3 10.7
4
15.6 25.5 9.5
80.8 51.7 17.0
94.3 90.6 5.0
57.1 28.9 6.0
3
43.9 46.9 22.6
43.5 7.1 7.1
90.4 84.4 8.9
5
45.9 48.8 18.2
44.6 91.8 6.0
72.9 60.1 7.9
24.9 87.6 5.2
64.9 74.6 7.4
8
69.3 68.8 13.2
45.2 41.2 7.0
82.0 20.1 12.7
21.0 73.2 13.2
56.7 19.6 5.2
89.5 87.4 10.3
15.4 11.4 7.2
16.2 37.7 7.4
5
69.1 11.0 8.5
21.5 73.3 6.7
61.6 49.8 29.1
25.4 16.9 9.4
45.5 10.0 9.1
8
89.1 92.5 7.1
68.1 67.9 6.7
33.4 10.3 8.8
12.2 85.7 7.7
75.1 16.8 10.5
21.0 62.9 13.9
51.2 88.2 11.2
8.8 32.0 8.3
5
65.3 11.9 8.9
20.9 87.8 9.4
49.4 48.0 26.1
83.6 39.3 7.3
78.9 79.9 6.4
1
25.9 34.9 10.4
8
14.7 28.5 12.0
61.5 55.1 7.1
14.8 62.1 7.4
85.2 36.4 11.7
67.6 71.7 7.6
41.6 36.5 9.9
91.0 15.0 6.7
12.3 75.3 6.0
7
45.8 73.9 8.2
74.1 60.2 10.6
29.9 55.3 14.6
64.4 20.3 9.6
30.5 24.8 6.6
12.8 12.9 9.7
67.1 78.5 6.9
2
48.2 52.5 5.5
23.9 77.3 9.7
4
18.8 27.6 14.4
65.7 83.1 9.3
77.0 63.7 8.6
94.0 9.9 5.2
4
56.6 44.9 33.7
31.9 84.9 13.2
82.4 92.6 5.4
16.9 24.2 9.8
7
66.5 52.6 24.2
84.9 12.8 5.0
54.1 13.7 8.6
31.8 90.5 6.2
9.0 43.0 7.9
87.7 86.7 6.0
25.5 61.5 16.4
9
70.8 48.1 21.7
35.6 78.0 18.1
9.1 21.9 8.5
6.9 63.5 6.1
57.7 18.6 9.7
87.7 19.5 8.9
41.9 11.1 7.5
26.4 47.2 6.4
62.3 82.5 7.5
5
63.4 11.0 9.8
88.0 43.6 7.5
22.3 50.8 11.1
21.2 23.6 12.2
58.8 41.0 19.7
1
26.8 72.6 12.6
3
80.9 92.5 5.6
91.8 83.8 7.4
17.1 40.7 9.4
6
66.9 62.7 27.0
27.9 33.6 17.6
75.4 21.3 6.1
49.8 9.0 8.6
91.1 38.2 5.4
30.1 9.5 6.5
10
43.1 47.3 33.0
87.1 67.9 7.5
74.2 89.1 8.4
8.9 75.6 7.9
89.9 28.8 5.7
16.9 16.3 7.2
91.1 11.9 6.6
18.6 90.4 6.2
43.3 86.5 6.0
88.7 42.8 6.6
6
83.0 34.8 15.8
37.6 31.3 29.1
45.7 72.5 5.7
91.1 80.2 6.6
73.9 6.6 6.1
63.8 56.9 6.8
5
71.2 34.2 24.5
18.6 63.3 17.3
32.5 21.3 16.2
17.1 88.7 6.5
50.3 79.8 13.0
10
64.0 50.5 9.7
85.1 68.8 6.5
48.2 93.5 5.3
64.9 81.1 11.8
28.7 25.3 6.7
58.1 12.6 7.3
13.7 86.4 5.5
71.7 27.2 7.2
11.4 12.6 10.9
92.7 17.5 6.4
3
10.6 15.2 10.0
5.9 77.9 5.6
45.8 48.6 19.4
2
73.5 20.7 20.5
6.6 27.2 5.5
8
36.6 42.0 17.5
93.1 13.1 5.3
82.0 34.3 13.0
58.9 19.4 6.5
94.3 78.3 5.2
53.1 63.1 5.0
84.6 61.3 8.4
44.9 9.7 9.5
5
66.6 37.8 31.8
23.0 79.3 9.6
64.4 93.9 5.2
39.2 89.9 6.7
27.1 21.0 9.2
5
55.0 64.3 9.8
68.4 26.8 19.2
22.1 28.8 14.1
85.7 62.6 10.2
16.4 60.7 8.5
7
33.1 14.1 11.8
91.9 23.3 5.9
7.6 66.9 7.1
62.3 73.8 26.1
56.6 8.8 8.8
89.6 47.3 7.0
31.9 50.0 7.4
10
87.1 40.6 9.7
32.6 85.6 12.6
69.8 8.4 7.1
8.7 22.3 6.8
88.1 8.8 5.1
79.9 18.5 5.2
32.8 40.2 21.8
6.2 92.2 5.4
8.3 72.7 6.8
56.8 79.9 6.0
5
38.8 18.1 8.3
51.8 10.5 6.4
20.6 83.9 12.2
60.6 78.7 10.6
14.9 25.5 14.0
1
20.0 30.8 8.1
2
61.2 67.7 28.8
14.8 61.7 13.4
10
28.5 51.2 11.1
54.4 12.0 7.6
25.3 86.8 7.7
73.4 56.1 22.6
13.6 24.7 5.8
83.2 19.9 11.1
8.5 38.0 6.5
73.3 88.9 6.1
8.3 67.3 8.3
46.9 84.0 12.2
3
61.4 61.5 9.4
28.2 45.9 15.7
29.5 92.6 7.2
4
51.5 42.0 19.1
65.2 8.2 6.3
45.4 86.2 11.4
90.9 88.1 7.3
4
85.7 12.9 8.1
94.4 68.3 5.1
39.8 39.2 5.3
88.7 35.7 9.9
3
57.5 17.9 7.4
25.1 87.6 9.9
32.7 8.1 7.3
6
60.7 23.9 12.1
42.4 49.2 17.3
8.7 77.8 6.9
89.4 55.2 10.4
12.2 51.9 10.3
82.5 24.4 7.8
10
34.3 91.6 6.6
31.3 57.5 6.8
52.5 52.1 7.8
71.6 90.6 6.8
48.3 19.1 8.7
19.2 31.1 17.4
82.7 47.9 17.0
11.3 58.8 5.9
12.7 6.3 6.2
59.8 73.7 8.5
6
8.2 72.3 6.4
76.7 74.4 19.1
72.0 12.5 7.3
39.1 18.4 8.2
13.0 28.9 11.3
51.5 89.6 6.5
5
30.1 28.7 22.7
46.9 81.0 12.7
71.5 80.3 5.4
82.5 31.8 10.1
59.1 13.0 8.1
8
21.6 73.9 16.1
45.3 24.3 22.9
64.4 70.4 26.8
8.1 12.9 7.8
17.8 46.6 7.5
82.7 23.3 8.1
7.5 28.3 6.0
92.0 88.7 6.1
9
76.1 27.2 9.0
17.1 84.5 15.0
34.7 44.6 11.3
90.1 50.3 7.6
89.3 88.4 8.7
27.5 17.3 9.2
13.9 50.3 5.0
59.3 80.7 14.4
93.5 66.4 5.3
8
66.3 37.2 14.4
80.6 71.3 11.1
9.6 22.6 5.0
10.5 72.7 10.4
63.3 82.7 9.1
16.0 39.9 10.3
90.2 16.7 6.4
84.7 90.9 7.6
5
68.7 86.2 11.5
13.6 16.3 8.2
39.6 63.5 23.1
78.0 21.9 17.6
5.9 41.7 5.4
8
40.8 29.2 11.4
78.3 19.8 16.6
77.3 85.3 9.4
62.0 60.6 9.3
16.3 11.5 5.8
14.3 92.5 7.0
5.7 70.1 5.5
17.5 42.2 13.2
8
27.7 73.0 9.7
87.6 30.7 6.7
73.0 60.6 16.7
24.0 39.9 17.0
13.2 82.6 6.4
70.3 6.3 6.3
35.8 14.5 5.1
49.5 36.7 7.8
2
88.4 52.5 7.4
39.3 36.5 35.7
8
46.7 61.0 6.0
82.2 31.5 6.5
78.5 75.6 9.9
40.8 81.8 13.5
64.1 92.6 6.7
28.6 12.5 8.0
12.8 67.9 9.6
35.7 55.5 5.1
8
20.2 59.4 12.8
43.8 50.7 6.8
76.1 19.6 8.5
84.0 78.8 14.4
40.1 95.0 5.0
9.7 39.3 9.1
61.2 74.9 8.2
66.9 55.8 8.8
1
58.2 19.4 5.7
1
43.7 87.4 9.4
2
62.7 54.3 35.2
16.1 35.1 12.7
9
15.4 68.3 9.9
18.9 13.9 13.1
51.3 57.6 18.5
89.2 51.2 6.1
91.6 68.2 5.2
68.4 18.1 14.3
25.8 48.0 6.3
69.4 75.7 5.0
68.6 89.5 6.1
7
43.3 75.2 8.6
35.9 39.0 10.6
19.8 64.7 7.4
56.3 87.9 6.6
88.8 17.5 6.2
72.6 6.3 5.8
51.8 23.1 8.6
6
66.4 39.7 7.9
18.0 34.4 9.9
31.2 18.9 5.8
20.9 85.9 8.1
67.7 72.6 12.1
7.1 9.0 5.3
8
61.2 84.1 10.6
33.2 9.3 5.2
67.4 22.3 7.3
17.4 73.6 17.3
10.3 11.5 7.9
40.4 33.0 13.7
41.6 57.1 9.3
81.2 43.1 7.1
5
42.1 84.9 6.4
29.4 36.7 11.4
27.8 87.4 6.7
44.4 16.1 8.3
88.2 71.4 9.4
10
78.2 33.3 16.0
24.3 16.6 15.7
92.2 52.8 6.8
28.4 46.5 13.6
82.6 83.4 8.6
6.1 52.0 5.1
40.9 86.3 13.2
69.5 74.3 5.0
60.8 82.8 5.1
68.5 8.9 6.8
2
37.3 50.1 19.0
55.0 84.2 12.1
1
59.3 29.1 6.7
7
36.9 48.6 34.5
85.6 30.0 5.9
86.4 55.7 8.5
73.1 77.5 6.2
32.0 93.3 6.5
16.8 86.1 7.9
71.3 18.6 7.6
2
38.3 11.8 10.6
92.1 23.4 5.0
7
24.0 84.8 5.5
26.4 49.8 5.6
41.2 26.5 17.8
77.7 45.6 6.2
83.0 78.6 8.6
21.1 38.4 5.3
81.8 13.4 11.5
4
87.8 28.9 11.2
22.3 87.5 8.2
63.4 63.2 30.3
88.9 6.5 5.4
7
77.4 35.7 5.8
28.3 74.1 5.6
82.9 73.5 7.9
60.4 10.6 8.8
43.5 44.9 21.0
10.8 89.0 10.8
75.0 56.0 10.7
1
45.1 21.8 18.4
4
44.4 91.1 5.9
68.7 29.7 20.5
9.6 71.2 8.8
77.8 67.6 8.1
4
79.8 32.5 16.6
35.0 52.4 10.1
70.0 63.1 14.7
21.7 12.5 5.0
9
38.1 87.9 9.1
80.2 54.4 14.9
71.4 13.8 9.7
91.2 74.4 5.9
20.2 46.6 11.2
54.8 15.8 5.0
40.3 9.9 6.5
21.7 11.3 9.4
24.7 75.3 8.3
7
27.2 15.4 8.6
68.5 11.9 9.6
82.6 49.8 14.5
41.8 90.1 9.1
33.3 41.6 15.8
10.1 43.0 5.2
55.1 78.7 5.4
6
75.5 73.1 11.7
45.5 85.3 9.7
37.5 53.0 14.8
76.9 40.3 12.3
16.9 81.8 14.6
27.3 23.3 13.3
4
74.2 9.3 6.7
89.4 70.4 10.2
30.6 71.1 7.3
56.6 41.8 25.5
10
84.9 23.6 13.3
32.1 37.0 8.9
42.4 11.7 5.1
21.7 58.3 11.1
29.6 9.1 6.2
89.9 69.8 6.8
32.5 83.2 15.9
8.9 35.4 8.1
64.4 59.5 7.0
92.3 44.1 6.5
8
52.2 73.9 5.6
20.6 59.5 14.1
52.0 29.6 7.9
31.0 31.0 12.5
41.6 81.4 5.8
85.5 57.1 11.8
68.6 42.7 7.6
70.2 72.9 5.0
1
17.2 58.5 17.2
6
37.5 73.2 13.7
80.6 31.0 12.0
59.0 47.8 7.4
69.3 79.2 14.3
51.4 19.7 5.6
34.8 10.6 8.0
7
44.4 84.5 15.5
11.5 71.6 6.6
81.7 61.0 14.7
66.6 75.3 5.8
16.6 43.4 12.9
77.8 14.3 6.9
18.5 91.2 6.1
3
56.5 77.1 21.1
7.9 44.4 6.4
21.7 66.2 9.6
10
33.3 49.0 19.4
77.7 74.2 5.7
90.1 22.9 8.5
46.8 80.4 8.1
89.8 39.9 5.7
15.4 77.0 10.9
87.4 84.6 6.4
6.8 23.4 5.1
80.9 53.6 7.1
24.0 93.0 5.9
6
26.7 60.6 5.1
63.0 56.3 19.8
89.7 85.5 5.8
10.1 64.9 7.3
14.2 82.5 6.8
78.6 29.1 10.4
9
43.4 54.8 33.1
80.3 13.6 9.4
87.4 51.7 10.0
87.1 90.1 7.0
6.8 42.1 5.2
38.3 9.4 5.4
21.5 19.6 6.6
19.8 6.8 6.3
87.7 74.7 6.3
3
71.6 68.1 15.5
91.8 75.6 5.6
17.5 83.1 9.9
8
10.9 83.3 5.9
10.8 26.9 5.9
55.7 79.5 14.9
31.3 45.4 5.7
23.7 17.2 6.2
20.4 68.6 6.9
82.3 28.1 16.8
43.0 23.9 12.8
8
34.8 20.4 8.6
59.1 68.4 21.7
87.4 48.8 9.9
11.4 76.3 6.4
92.7 92.2 6.0
93.6 69.4 5.2
12.9 38.2 5.2
60.4 18.9 16.9
4
21.4 36.8 16.4
58.8 13.0 9.6
55.8 89.8 5.1
29.7 62.3 9.9
7
73.6 29.8 9.6
22.8 59.2 19.3
25.6 32.3 6.5
83.9 8.8 5.3
78.4 73.3 14.0
23.2 90.8 6.6
50.9 32.3 12.5
7
57.1 44.7 36.1
36.3 82.9 5.6
17.2 76.0 5.3
15.0 17.7 10.3
83.3 92.9 6.6
12.1 43.1 7.9
17.9 90.3 7.9
7
60.6 38.5 9.5
15.2 13.2 5.2
51.3 81.2 12.1
16.2 41.3 14.0
90.1 87.1 7.4
83.0 71.5 8.0
11.8 82.2 11.1
1
59.5 19.3 13.9
5
12.7 73.6 8.8
85.6 18.3 9.4
52.5 59.7 17.5
30.1 22.3 14.1
85.5 78.6 10.0
7
57.4 34.2 13.5
23.6 18.9 18.7
93.6 89.4 5.0
51.3 89.5 8.0
87.8 75.7 8.2
12.7 67.2 9.3
80.9 55.3 11.9
2
12.7 85.6 5.5
63.0 69.7 28.8
9
35.6 18.3 12.7
61.0 21.7 8.8
21.0 81.9 13.2
92.7 92.5 5.8
78.8 61.9 5.5
47.4 83.6 5.1
90.4 20.9 8.7
10.0 32.2 5.4
63.9 74.6 10.5
6
88.2 47.0 9.7
72.0 79.2 16.0
16.8 30.2 10.1
27.8 84.2 6.7
64.1 20.4 9.8
48.0 55.6 7.0
10
80.8 41.3 12.2
53.7 18.0 12.7
61.3 80.6 6.6
24.7 42.5 22.0
83.0 86.4 10.5
21.3 88.9 10.3
48.5 88.1 5.7
88.3 64.5 10.6
85.8 10.5 6.1
44.6 73.3 7.9
8
38.8 35.0 25.3
61.6 77.7 8.5
88.4 48.6 9.0
26.2 79.9 17.8
8.3 61.7 7.2
73.6 19.5 8.8
93.8 81.9 5.1
5.8 18.5 5.3
10
7.1 81.5 6.2
88.7 58.3 7.8
81.3 84.5 8.5
50.1 25.1 17.3
20.0 30.3 8.8
76.7 16.7 8.4
51.8 71.8 13.6
79.5 42.7 6.1
13.7 64.0 9.1
13.0 11.3 7.7
6
27.6 86.1 10.3
45.1 12.8 9.5
47.7 82.0 6.1
16.7 42.2 13.3
7.8 77.2 5.3
71.2 36.7 21.1
10
68.6 64.6 31.2
16.1 47.2 14.6
31.7 23.1 11.1
58.5 12.3 7.8
81.1 22.0 7.5
10.3 20.1 6.8
9.6 74.3 9.0
9.8 93.2 6.7
35.3 83.5 7.0
90.5 8.8 7.5
4
80.1 81.0 7.8
88.5 59.6 10.1
62.4 81.0 5.0
12.6 53.9 8.3
1
66.6 90.0 5.2
9
63.9 12.5 5.2
60.9 89.5 9.2
18.5 14.2 11.7
80.2 21.6 12.2
78.4 51.4 7.1
83.8 73.0 11.7
36.1 54.0 20.2
25.2 93.7 5.9
44.1 89.8 5.2
2
40.7 63.8 33.3
74.0 41.9 5.7
2
61.4 25.2 13.8
54.3 68.8 19.7
9
87.4 69.2 9.6
17.2 88.4 6.4
64.6 38.2 20.9
49.4 13.1 8.1
23.6 70.4 9.5
88.9 10.1 8.8
22.1 27.5 14.1
62.6 86.2 9.4
35.3 52.8 9.7
2
54.1 41.0 16.8
77.6 70.5 7.8
9
76.4 73.4 11.9
60.3 92.5 5.4
46.8 28.3 14.3
65.9 8.7 7.6
53.1 78.9 6.2
10.5 90.4 6.2
70.1 41.6 6.6
9.0 31.9 5.5
11.0 51.4 9.1
10
22.4 71.5 5.3
52.6 73.7 12.7
81.8 78.0 11.5
54.4 28.0 5.9
12.3 54.1 7.0
37.7 61.0 6.3
22.0 18.0 5.2
88.5 51.0 10.5
15.7 33.7 5.6
84.2 16.4 10.6
3
81.8 73.6 15.1
28.4 10.2 6.4
39.5 68.9 22.9
9
51.5 28.6 23.7
49.5 84.5 6.3
19.6 69.7 9.9
79.1 55.0 11.8
68.3 87.1 9.8
20.6 48.6 5.4
93.7 78.4 5.8
84.8 18.8 10.5
29.1 6.5 5.9
7
83.0 89.6 9.2
67.4 72.3 6.6
35.8 78.9 5.8
55.2 20.1 20.1
91.2 62.7 6.9
9.3 74.1 8.1
94.0 22.1 5.8
7
47.8 43.5 26.0
17.0 65.7 8.2
86.8 89.8 7.8
71.9 12.7 12.1
47.9 80.4 7.0
91.4 56.2 6.3
6.4 54.5 5.4
6
28.0 91.4 8.3
36.5 42.6 26.4
86.7 64.0 8.7
83.4 9.6 5.6
85.1 91.7 5.4
54.9 85.5 7.5
4
79.9 51.1 7.0
31.8 65.0 6.9
73.2 84.3 7.8
24.3 18.3 12.2
8
32.1 26.2 17.3
14.3 50.0 11.5
72.1 77.4 19.6
73.6 11.9 5.3
5.7 66.1 5.7
7.0 87.2 6.2
33.5 87.5 10.4
68.5 39.3 11.5
1
64.1 34.6 16.5
4
65.1 46.6 5.8
11.9 25.6 7.7
59.7 82.2 12.7
23.3 40.2 8.0
5
88.7 67.7 5.0
49.8 53.5 15.8
75.1 63.5 7.8
14.6 63.1 5.8
32.5 35.2 9.1
4
67.0 64.4 18.6
31.5 55.8 10.4
73.6 10.7 9.8
92.4 14.4 5.9
6
70.1 31.2 18.4
58.5 67.3 5.8
80.9 59.6 8.4
24.3 57.1 18.5
87.9 6.0 6.0
40.8 30.5 9.8
2
46.4 30.3 20.0
43.1 70.8 13.8
4
81.4 85.9 8.7
69.3 74.9 6.3
42.7 45.7 25.1
52.6 76.5 5.1
7
21.4 48.8 16.8
79.2 19.3 11.2
88.7 87.9 6.5
39.4 70.1 6.3
13.7 83.9 6.9
54.4 7.6 6.2
65.9 48.1 14.7
8
87.4 90.5 8.8
32.3 29.3 7.8
14.4 46.6 11.9
59.4 27.5 16.5
8.9 80.1 7.1
44.8 87.5 5.7
83.2 45.8 7.3
39.0 58.5 12.6
6
72.7 87.9 6.9
15.4 91.0 5.0
27.3 38.9 17.8
55.5 80.4 6.4
60.9 61.6 5.7
7.5 62.7 6.4
5
64.7 34.3 20.8
15.0 21.4 5.0
24.6 6.3 5.9
49.0 72.6 15.9
69.8 82.1 5.0
1
49.8 53.3 5.3
2
49.8 14.9 5.3
88.4 58.7 7.6
4
8.5 85.4 7.2
59.8 62.4 17.8
80.1 80.8 8.1
91.7 72.7 5.3
9
49.6 42.1 19.1
41.1 92.3 6.1
82.3 59.6 7.7
13.0 28.1 8.4
80.5 82.7 12.6
10.0 8.2 6.0
13.8 72.3 11.1
68.8 10.5 5.5
37.1 75.3 5.1
5
52.9 34.4 20.0
90.4 47.4 8.8
72.2 92.9 6.8
28.3 8.3 7.6
70.6 76.0 5.2
6
83.2 65.9 13.3
39.1 22.9 12.0
72.3 13.4 9.4
72.0 87.0 8.2
48.7 81.4 13.6
14.7 90.1 7.2
8
24.3 83.5 10.0
54.1 25.8 10.6
72.5 59.1 20.2
80.5 10.5 8.4
35.2 20.5 7.0
29.2 50.7 12.5
85.7 28.2 6.4
52.2 93.3 6.1
2
25.3 57.0 9.7
10.5 24.3 8.4
5
56.3 15.6 10.0
64.9 54.0 22.0
31.9 78.1 10.1
28.0 17.7 14.1
15.3 92.9 6.4
3
71.2 62.1 13.2
40.0 12.3 10.6
12.9 51.7 7.3
1
39.8 53.0 20.8
10
18.9 32.4 13.5
63.6 27.3 18.3
58.6 78.9 14.5
90.3 37.6 9.1
13.0 66.5 12.7
28.4 10.2 5.5
77.1 91.9 7.1
85.8 79.0 5.2
29.1 87.6 12.2
38.1 26.7 6.2
6
15.9 38.2 11.1
70.8 30.3 26.9
50.8 92.3 6.0
43.8 7.8 5.2
87.4 61.8 7.7
87.3 82.1 6.9
2
14.7 15.0 11.5
12.4 82.9 10.1
3
67.6 9.1 8.2
15.8 15.0 7.7
36.0 41.9 20.6
5
33.7 61.0 22.5
83.2 20.8 5.3
15.4 7.6 5.7
78.3 38.6 10.3
37.6 11.2 9.2
4
32.6 23.0 14.9
46.3 56.2 6.4
85.7 75.2 12.2
18.6 63.2 16.1
3
30.5 60.6 5.9
37.9 21.0 17.3
82.3 65.9 5.4
4
58.1 29.0 8.5
78.0 41.8 10.7
27.4 67.7 26.1
11.4 36.9 7.7
9
5.9 79.7 5.3
46.7 41.1 15.7
25.6 83.9 13.9
73.6 15.8 12.9
82.5 42.7 12.0
91.8 82.8 6.3
19.1 19.9 17.4
59.1 85.8 10.7
83.5 67.7 9.8
10
14.9 48.8 11.5
44.0 18.4 12.7
80.9 12.5 9.5
30.2 86.3 9.1
80.6 66.9 12.2
47.4 43.0 10.8
20.9 71.8 6.5
46.5 71.3 7.7
82.3 43.3 9.9
60.4 66.3 6.5
3
72.0 77.3 19.4
57.3 22.0 20.2
23.7 82.2 5.6
3
29.5 73.0 20.8
69.2 83.1 12.1
17.0 22.5 13.6
8
60.2 39.8 30.0
33.2 72.7 8.7
15.5 57.0 14.1
31.6 92.2 7.4
24.9 15.9 7.1
53.5 92.4 7.2
83.8 74.3 5.8
10.6 79.7 6.8
7
27.1 86.3 5.1
16.4 36.3 7.7
74.1 65.5 22.9
24.5 60.9 15.8
92.0 11.7 5.2
17.7 7.0 5.4
6.2 17.3 6.1
5
64.3 34.0 10.6
40.1 73.2 10.6
79.9 20.9 7.1
12.6 13.1 12.3
68.4 52.9 6.7
8
73.2 43.2 18.1
89.5 87.1 8.9
28.1 16.0 13.3
31.2 88.5 8.6
27.8 48.3 11.1
47.5 18.4 6.2
79.0 15.2 8.7
10.5 58.0 7.8
9
78.2 45.3 21.1
26.5 20.9 14.4
6.5 28.8 5.7
15.5 64.3 9.1
13.5 47.5 6.4
40.4 76.6 13.8
77.4 16.7 7.0
89.1 7.5 5.5
72.2 84.4 12.8
3
83.4 51.2 14.1
39.6 61.2 23.4
69.4 84.7 7.1
10
46.4 86.7 10.6
43.3 26.6 13.0
79.5 21.0 7.6
9.6 23.3 9.0
43.9 55.2 10.5
22.5 81.4 12.8
24.6 54.8 5.3
68.7 86.5 8.1
76.6 54.2 21.7
28.0 10.9 8.8
3
13.7 49.5 5.6
43.4 72.8 13.5
81.4 86.2 6.2
5
58.4 39.6 19.6
31.3 87.3 8.8
68.1 77.9 13.9
24.5 18.0 9.4
8.1 22.8 6.6
10
52.8 52.1 43.7
5.5 35.1 5.0
21.8 93.6 5.7
84.5 89.4 5.1
5.2 63.2 5.0
86.1 9.9 9.1
6.2 89.8 5.3
13.4 10.3 5.6
11.2 79.4 5.9
28.3 7.0 6.6
7
79.4 69.9 17.4
83.0 37.9 5.1
32.6 57.9 18.8
50.6 17.0 7.1
67.7 10.4 9.0
51.8 90.6 9.1
61.7 29.0 5.2
8
43.9 45.1 37.1
81.2 83.4 12.5
78.2 13.7 7.6
10.0 88.9 7.2
92.2 42.5 7.4
89.4 27.3 6.9
91.3 59.8 5.8
33.7 93.0 5.3
9
54.5 77.4 20.7
35.4 13.9 6.6
89.8 12.0 6.0
21.6 52.1 16.0
62.2 25.5 19.3
10.8 9.5 5.6
31.2 91.0 5.6
84.7 54.2 9.5
90.1 74.4 8.5
8
74.8 93.3 5.7
80.4 74.2 7.0
61.3 10.1 9.5
48.2 77.9 5.6
79.1 41.0 14.8
17.6 37.3 8.7
37.3 57.9 10.2
14.7 12.1 10.9
3
66.2 36.0 33.6
18.2 63.6 16.4
43.4 83.3 9.4
3
32.5 44.9 26.5
9.2 71.3 7.1
93.7 83.7 5.6
10
49.5 20.6 8.6
19.8 85.9 10.2
90.6 7.5 5.4
24.7 22.9 12.3
32.2 46.8 7.5
87.1 78.1 6.6
67.2 68.7 7.0
75.8 91.2 5.0
91.2 47.5 7.1
40.6 67.3 11.9
3
58.1 23.3 18.2
17.4 59.8 11.6
86.7 19.8 6.6
6
90.3 11.3 7.7
21.6 20.3 12.3
48.4 59.4 16.8
12.7 57.5 9.2
39.8 84.4 8.6
26.3 92.9 5.9
7
53.9 69.9 29.3
18.7 9.2 5.5
46.5 12.5 8.6
93.0 91.8 6.5
19.8 38.9 8.8
12.2 58.7 11.5
24.8 92.2 5.6
4
61.2 74.2 21.5
29.6 92.1 5.1
16.0 19.8 7.9
44.3 7.9 6.1
7
67.2 79.0 20.5
22.1 78.6 6.8
7.2 43.8 7.2
51.4 14.0 12.3
89.0 42.5 9.7
35.3 50.5 10.2
71.2 8.9 8.1
6
91.8 71.2 6.9
47.6 47.5 25.6
19.6 89.2 6.8
85.5 86.9 8.1
63.8 92.1 5.9
16.4 63.0 8.4
5
50.7 51.4 15.7
73.1 75.5 12.3
82.1 20.3 9.9
46.9 92.3 7.3
25.5 79.6 10.6
1
37.7 84.3 8.1
10
77.1 16.8 15.9
32.0 93.3 6.4
46.6 83.1 6.9
12.2 83.4 5.1
73.1 71.9 9.7
29.1 29.3 28.9
91.1 64.3 8.1
83.8 90.9 5.6
89.9 77.9 5.0
9.6 66.2 8.4
4
36.3 11.3 8.3
77.8 86.6 8.9
40.2 58.7 16.9
12.6 43.3 11.3
7
31.3 6.3 5.5
44.4 40.7 9.1
26.2 76.4 17.9
92.4 42.2 6.6
46.0 10.2 8.5
63.4 71.8 7.6
72.9 16.3 14.4
8
57.2 63.0 18.4
13.8 35.2 12.6
80.4 11.5 10.2
84.5 38.8 9.1
86.1 76.2 10.9
46.7 31.5 6.0
37.6 13.5 12.1
19.4 81.7 5.8
7
17.9 80.8 7.3
84.6 59.4 13.8
41.5 51.5 29.5
50.9 13.2 9.7
15.2 20.3 9.6
49.1 93.4 6.5
77.0 15.7 11.3
10
74.2 53.2 25.8
18.5 15.7 6.1
64.6 9.7 9.6
46.3 82.2 12.1
16.5 71.2 7.0
19.0 51.5 8.2
38.7 9.4 6.7
91.6 21.0 7.8
67.0 87.6 6.4
85.8 94.0 5.6
9
59.0 51.8 17.5
6.9 82.0 5.7
21.0 29.0 18.1
33.8 79.3 5.4
21.6 90.5 6.4
68.1 15.7 15.1
89.6 44.3 6.4
69.9 75.7 7.0
5.7 48.4 5.1
8
85.7 74.4 8.2
38.6 74.6 5.7
50.0 16.2 5.4
15.5 83.6 8.1
72.2 10.1 8.4
26.1 10.0 7.1
87.5 12.9 6.5
78.4 58.8 7.3
10
47.5 89.1 6.4
25.2 8.4 7.6
68.7 16.6 12.2
66.6 58.2 6.1
40.4 34.2 13.1
86.5 35.7 12.8
12.2 62.0 5.6
87.6 14.5 5.7
13.0 81.3 7.7
86.6 59.3 10.2
10
78.7 47.3 9.4
54.4 75.2 17.5
57.5 19.8 17.1
26.5 57.2 7.6
5.7 9.4 5.6
6.2 44.5 5.1
20.2 27.3 6.6
86.0 18.3 6.8
22.0 10.4 5.9
94.8 85.6 5.1
10
59.5 86.6 7.9
62.4 39.3 16.2
7.2 70.8 6.5
32.4 10.9 8.1
91.0 57.2 6.4
10.1 26.1 6.5
34.5 95.0 5.0
94.4 37.2 5.0
29.6 38.4 6.9
77.2 73.4 13.1
1
45.2 31.3 12.3
1
65.8 10.7 6.3
7
67.0 67.9 31.0
63.8 15.8 6.2
19.6 37.4 16.1
35.2 8.7 7.3
82.5 29.3 6.7
89.0 8.8 8.1
29.9 64.9 6.0
10
75.9 36.0 13.1
28.4 9.2 8.3
81.2 11.8 9.7
23.8 75.2 22.7
7.6 46.3 5.4
90.9 79.4 5.6
53.8 10.9 9.3
56.3 88.7 7.3
71.6 92.8 5.9
13.3 8.2 6.4
8
21.2 67.6 13.6
30.1 7.0 5.7
59.5 56.3 9.6
53.7 86.2 10.5
35.0 37.3 6.2
13.0 28.8 11.0
83.6 33.0 5.2
81.8 48.4 6.6
4
68.5 45.7 21.6
30.4 12.8 7.7
28.3 61.3 10.9
8.0 32.5 5.4
1
53.4 57.0 7.1
4
12.2 47.4 9.3
32.0 64.7 10.2
49.7 26.6 9.7
15.4 86.7 12.6
10
21.8 50.1 16.0
65.1 34.5 19.6
39.3 84.8 12.6
74.4 66.7 6.9
11.2 9.8 7.6
85.4 8.8 5.4
7.0 30.5 6.4
63.6 81.3 9.6
87.9 61.0 7.3
51.1 62.5 9.0
6
17.9 63.6 6.8
78.0 79.3 7.0
26.9 18.4 15.6
90.2 22.9 6.6
52.8 49.2 14.9
63.1 90.3 8.6
10
17.4 62.2 10.4
21.5 85.6 12.5
27.3 29.9 9.0
71.9 86.5 9.8
54.8 34.8 14.1
90.2 9.4 9.0
75.9 62.3 13.1
34.6 11.9 9.5
9.5 34.5 5.8
53.4 58.1 7.2
9
55.1 48.2 19.1
23.5 33.5 6.7
49.7 5.6 5.3
90.4 77.1 8.1
93.4 22.6 6.3
68.2 88.1 5.3
13.9 13.0 12.1
17.4 64.1 16.6
83.8 54.0 8.3
9
31.3 33.9 20.7
23.3 89.1 6.1
14.1 65.9 13.9
76.4 29.3 7.7
89.3 60.1 5.4
70.0 71.4 5.6
61.4 86.2 10.1
88.7 76.1 6.4
86.4 16.2 6.3
4
26.4 88.4 5.4
56.9 86.5 6.6
40.0 51.9 21.9
80.8 52.2 18.7
10
31.0 94.2 5.2
46.4 56.5 19.1
18.8 71.0 9.1
7.5 27.8 6.3
19.2 87.3 7.2
86.5 9.9 6.5
23.0 13.0 10.9
84.5 30.0 12.9
49.7 22.7 7.1
11.6 52.7 10.5
5
8.3 32.2 6.0
16.1 63.3 8.6
57.6 84.7 7.6
19.2 87.7 6.6
69.0 40.4 5.3
7
82.2 7.9 5.8
17.8 17.9 6.8
46.3 31.2 6.9
28.7 83.9 12.6
22.3 54.5 15.4
90.5 49.8 6.0
66.5 20.7 8.0
5
82.7 23.3 16.3
28.8 63.4 17.2
10.8 12.6 5.2
64.7 80.4 9.1
85.1 47.2 6.4
3
13.1 60.2 8.9
39.7 90.0 5.3
67.4 59.1 17.4
3
8.2 52.6 7.6
69.6 19.6 16.7
90.9 87.6 6.3
2
68.5 58.5 14.3
59.2 24.8 13.1
10
87.4 94.2 5.4
50.9 80.0 8.8
73.8 87.2 5.7
11.4 93.4 5.3
9.5 22.4 5.0
76.0 29.7 23.1
47.6 56.4 9.7
36.3 27.0 9.4
63.8 68.8 6.2
28.1 77.9 10.6
8
49.3 44.0 26.5
77.3 16.0 12.8
30.8 81.0 12.4
80.1 77.8 14.3
13.8 5.5 5.1
11.6 58.4 8.6
8.7 82.1 7.7
11.4 30.5 6.4
4
29.6 6.4 5.6
25.4 87.8 10.7
28.5 43.1 7.9
88.8 82.2 5.8
8
34.3 24.1 15.1
92.8 55.1 7.2
63.2 25.0 5.8
84.8 71.2 6.9
14.3 70.0 10.7
5.2 36.7 5.0
91.0 42.4 5.3
92.7 93.7 6.0
8
72.6 79.5 19.6
44.4 37.9 22.6
13.2 29.8 5.7
38.2 93.4 6.1
81.3 50.8 8.2
36.5 78.9 5.0
15.7 88.7 7.2
12.5 53.3 5.3
7
61.2 54.7 30.2
40.2 11.9 7.8
20.6 12.9 6.4
82.8 88.2 6.5
28.0 82.5 7.2
7.0 58.0 5.1
89.4 32.2 5.5
6
48.3 42.1 33.1
22.6 91.8 7.5
61.8 83.3 7.9
81.8 73.8 8.0
90.0 18.8 9.6
89.7 43.9 6.4
7
75.9 29.6 9.8
49.1 80.0 8.4
35.4 34.7 23.0
77.2 75.5 19.3
13.7 57.5 7.9
62.9 9.8 7.2
17.5 77.9 7.3
9
14.0 52.3 12.9
81.0 31.8 18.7
26.3 85.5 5.6
63.0 68.0 8.8
85.7 62.9 5.2
19.4 14.6 14.3
36.6 67.1 8.3
41.6 32.4 8.2
54.1 14.1 6.2
7
11.2 69.9 6.4
34.6 8.8 6.4
83.5 58.1 9.5
37.6 25.5 5.1
36.1 66.3 11.0
63.1 69.3 11.3
73.2 19.1 16.3
4
79.4 46.2 9.0
54.5 20.4 19.1
39.8 67.3 27.4
7.6 9.9 5.7
4
86.8 26.5 10.6
38.2 89.5 8.4
46.1 15.5 7.2
17.0 33.0 6.9
6
50.1 44.8 37.1
7.9 6.4 5.8
39.4 92.6 6.4
16.7 77.7 8.0
93.0 9.9 6.1
54.3 87.0 5.1
10
9.1 73.8 6.6
47.9 58.3 9.8
85.3 63.8 11.9
39.0 9.6 6.1
45.7 35.0 10.4
13.8 23.1 7.5
23.5 82.5 5.4
8.6 59.1 6.0
81.8 10.4 6.8
79.2 31.7 9.0
8
38.0 23.6 7.9
69.6 45.6 9.5
9.7 22.0 9.4
94.6 7.0 5.3
36.3 73.9 10.0
82.5 79.9 8.4
66.2 89.3 8.4
27.4 89.7 7.9
4
60.2 58.6 36.7
17.3 91.3 8.0
89.3 20.7 7.2
39.0 12.3 5.7
10
82.0 49.4 17.7
52.0 79.0 18.1
30.7 24.4 14.3
21.6 61.9 8.3
83.2 81.0 11.0
8.0 88.1 7.3
88.9 12.5 6.4
69.2 11.0 9.6
8.7 32.3 7.1
53.3 28.1 7.8
6
70.0 23.0 18.0
44.3 77.8 19.5
90.2 77.0 6.4
21.8 54.2 10.9
35.8 12.3 8.9
62.9 53.7 7.3
3
9.1 8.8 5.6
46.3 49.0 21.7
79.6 35.2 8.6
10
17.5 23.5 11.0
80.6 20.8 10.7
23.8 56.6 16.8
67.0 90.2 8.2
42.5 37.2 6.0
91.3 47.6 7.9
79.7 76.4 9.6
18.0 86.7 12.9
67.5 40.7 9.3
88.5 91.8 5.7
8
85.1 42.9 12.2
62.2 84.5 8.4
60.6 33.0 11.0
16.3 60.4 8.9
85.5 13.2 5.9
18.1 11.2 9.9
33.7 71.3 10.6
37.5 32.7 6.7
4
42.0 21.3 7.5
8.6 90.4 7.9
11.9 58.3 6.6
44.1 46.7 5.6
5
55.9 49.1 22.5
83.9 20.2 13.4
8.0 20.4 5.1
53.6 81.3 6.7
25.9 26.9 13.8
10
44.7 15.6 11.3
44.8 66.5 13.8
93.7 17.6 6.2
75.9 9.6 5.4
63.3 91.9 5.7
84.5 71.5 11.7
16.4 76.0 7.0
35.2 37.9 10.6
12.6 13.0 12.1
82.0 49.2 10.5
4
64.9 54.2 13.4
30.5 62.1 9.6
24.4 87.7 9.1
41.6 15.1 12.0
3
35.2 39.2 14.8
39.8 18.2 6.4
86.9 58.5 10.5
3
27.8 51.2 18.9
85.2 53.4 13.3
82.3 10.8 5.9
8
83.7 82.2 14.5
70.2 56.9 12.2
37.4 69.9 12.1
90.0 32.1 9.3
22.5 14.0 12.3
57.7 78.4 5.7
27.9 39.1 13.3
9.6 67.0 6.2
3
81.2 76.1 15.1
45.5 23.5 9.1
15.2 58.8 13.3
6
77.3 86.2 12.4
40.1 28.7 22.7
87.3 10.3 7.2
42.6 68.0 10.3
25.6 81.2 8.3
84.8 49.9 9.9
5
42.9 36.6 11.1
64.8 60.0 14.4
16.3 32.3 11.6
47.2 7.2 6.9
73.9 91.1 8.4
7
41.5 74.3 17.5
84.9 76.9 11.7
91.2 43.2 7.5
44.9 9.2 5.4
60.6 24.3 6.8
15.6 30.3 7.5
21.6 45.8 5.9
3
89.4 8.2 6.5
49.2 10.1 8.2
39.3 40.0 19.4
8
18.7 84.4 13.6
29.5 22.6 13.9
40.0 54.5 18.9
7.7 14.8 6.3
62.2 22.9 6.7
74.7 65.6 13.0
81.7 16.0 8.3
8.3 34.4 5.5
10
61.2 61.2 13.2
23.1 59.0 11.0
83.2 32.2 7.8
88.8 89.2 5.6
87.2 75.1 6.3
56.2 29.8 15.2
69.8 91.4 7.0
46.9 87.9 6.4
89.8 59.9 7.0
6.5 45.3 6.2
5
48.1 58.1 18.8
91.4 51.1 5.0
19.9 16.6 12.4
23.0 77.3 8.0
72.4 80.2 5.8
9
80.5 42.4 16.0
15.6 73.2 9.9
30.7 42.0 16.6
88.6 82.1 10.4
59.4 72.5 14.8
25.8 93.7 6.1
54.5 95.0 5.0
41.4 13.0 10.8
79.9 8.7 5.3
8
18.6 38.3 17.6
65.0 51.6 15.3
89.8 51.8 9.4
78.3 19.1 9.7
23.1 89.8 9.3
42.0 24.6 7.0
92.9 25.8 5.1
79.0 83.8 12.7
10
38.8 45.2 35.9
81.9 58.1 8.6
89.9 81.7 6.7
46.1 91.6 8.1
89.4 11.4 8.1
31.0 93.1 5.8
66.5 9.8 6.2
78.5 91.3 7.6
13.9 90.8 5.6
89.7 26.3 5.5
10
80.2 7.0 5.1
89.3 70.7 5.9
14.5 82.1 13.1
42.5 80.6 11.0
82.3 51.3 11.8
7.7 27.9 7.7
40.3 27.6 20.9
70.3 81.9 9.4
11.1 43.5 7.1
13.4 11.8 6.1
1
92.0 74.2 7.2
3
76.3 35.2 13.5
30.9 13.1 9.5
23.2 49.0 13.1
9
23.0 84.2 13.7
19.7 18.2 10.0
67.6 42.5 8.7
10.3 46.8 7.6
56.6 12.0 11.8
53.5 86.8 7.6
51.9 69.5 6.3
85.1 72.2 7.5
76.0 10.5 7.2
10
82.8 32.0 7.0
13.4 31.2 11.7
43.2 67.7 18.6
78.8 11.5 6.7
11.0 83.8 5.8
77.3 61.0 13.4
41.8 41.7 5.1
26.6 10.7 9.0
83.1 81.1 6.2
61.7 25.8 12.5
10
54.2 27.8 11.4
32.8 83.9 15.2
68.8 66.1 8.3
16.5 40.2 15.5
52.9 8.3 7.4
41.0 54.1 12.2
85.9 23.8 5.0
15.1 70.6 5.4
63.1 91.6 5.6
91.8 50.0 6.0
5
47.1 69.8 6.3
80.3 79.5 19.2
41.2 56.5 6.8
38.0 83.2 7.4
60.8 59.6 6.6
4
37.1 30.0 28.1
53.1 83.4 6.5
78.2 45.3 11.2
78.6 70.8 11.4
6
27.1 38.5 15.4
58.2 49.5 12.8
78.8 72.6 10.1
17.1 79.7 16.5
80.9 17.2 15.2
54.5 25.1 8.7
5
9.4 13.5 5.0
65.1 76.1 14.9
76.9 39.2 5.3
14.0 50.5 9.8
66.3 12.0 7.9
4
66.3 29.2 6.9
37.0 41.3 14.1
69.1 77.5 5.5
22.0 76.6 13.1
10
19.1 20.8 16.1
32.9 56.8 17.6
59.1 23.3 17.6
84.5 7.4 6.0
52.6 82.8 9.2
75.7 82.6 5.6
10.1 90.1 5.9
63.5 64.1 10.7
26.2 86.9 5.2
85.5 30.6 6.8
9
62.0 23.5 9.5
54.4 76.2 5.6
34.6 58.2 6.0
10.1 66.5 7.7
91.5 72.0 6.3
26.3 40.8 12.1
77.0 89.7 7.9
48.6 10.9 5.1
30.2 13.8 11.7
9
24.9 68.3 5.2
25.2 24.9 19.8
90.9 23.7 7.9
75.4 71.0 8.9
53.0 10.6 6.2
92.1 87.3 5.1
75.5 87.9 7.7
10.7 66.0 6.7
17.1 91.5 6.2
9
91.6 44.2 6.2
61.9 66.8 25.8
64.0 25.6 14.1
20.3 19.3 16.0
92.7 85.8 6.9
15.2 56.4 8.1
12.2 82.4 10.6
87.4 29.3 7.0
31.7 85.7 5.3
9
13.5 65.9 12.6
36.2 52.8 12.1
25.4 21.9 10.9
87.2 16.9 8.5
71.3 45.4 19.7
83.3 83.9 5.8
9.2 9.4 5.0
70.4 10.0 6.4
93.6 72.2 5.9
2
45.0 28.5 24.8
7.4 7.9 5.6
5
8.9 57.2 7.5
22.3 10.1 8.1
69.9 55.7 10.1
39.3 74.2 23.7
43.8 10.4 9.3
2
74.4 17.9 17.1
54.1 47.3 9.9
10
42.1 29.6 28.6
85.1 31.3 9.2
33.1 84.5 5.2
79.2 84.0 7.7
14.9 68.1 13.0
88.8 11.3 9.8
53.1 78.2 6.7
11.1 94.5 5.3
85.5 52.8 7.7
65.4 89.5 6.9
1
27.0 28.9 23.8
1
84.1 43.5 12.5
1
29.5 17.5 8.6
10
61.6 60.5 20.0
20.2 66.0 16.6
72.5 14.6 6.7
85.8 27.5 11.6
8.5 20.8 8.3
32.7 28.6 11.2
84.6 89.8 8.6
6.3 90.2 5.8
90.2 64.8 7.2
43.3 10.4 7.6
10
50.6 37.9 9.4
18.6 37.1 5.9
61.2 81.6 17.5
42.4 9.1 7.5
75.3 48.7 11.3
91.6 34.3 8.2
73.8 21.2 6.8
87.2 70.5 9.2
21.3 13.5 9.2
33.1 76.8 6.8
3
49.0 58.6 18.9
89.5 23.9 10.1
62.9 88.5 10.7
10
55.9 52.0 24.4
13.3 72.2 10.6
62.3 11.3 9.1
26.3 14.2 9.5
90.0 42.5 9.6
44.9 91.0 6.4
85.8 11.4 6.5
77.8 86.8 9.7
75.9 23.3 6.9
13.5 36.2 9.7
9
69.0 67.7 13.6
57.4 40.7 9.7
36.2 57.0 13.4
36.6 34.1 6.7
12.3 80.5 10.9
86.0 37.2 8.1
52.5 87.8 11.4
77.3 12.2 8.6
58.9 8.8 5.6
10
9.8 43.0 7.9
39.4 89.6 6.9
59.2 71.4 19.8
12.9 12.3 6.2
14.6 65.2 7.0
72.4 6.8 5.3
92.4 66.5 6.8
43.9 37.4 11.1
78.0 29.1 7.2
87.2 14.7 9.3
8
24.2 62.3 6.5
60.8 81.4 12.6
26.4 20.1 13.5
26.6 88.2 6.6
58.6 57.0 8.2
69.8 43.5 5.4
77.3 14.7 5.6
88.2 68.5 11.4
4
56.6 44.7 20.9
84.9 17.1 7.5
26.2 64.9 5.8
56.1 81.7 14.6
7
37.8 77.1 21.2
72.1 15.2 12.5
34.4 30.3 7.5
5.4 76.5 5.0
82.4 92.6 5.2
72.2 93.5 5.0
83.5 37.3 7.3
4
19.3 68.0 19.1
75.9 75.5 7.7
5.4 47.3 5.3
55.8 82.7 11.6
7
40.4 61.6 30.0
78.3 14.9 10.4
20.1 93.5 5.0
9.3 39.1 6.8
34.3 13.7 9.1
78.7 80.4 9.1
7.1 11.3 5.9
9
33.5 28.7 17.4
75.4 80.2 17.7
37.0 90.2 7.8
12.2 82.8 12.1
83.3 24.0 7.2
47.9 73.1 8.4
81.8 7.0 7.0
90.6 40.0 8.1
61.5 15.5 10.3
2
47.0 16.8 13.6
16.5 23.0 12.9
10
31.0 44.0 11.9
63.4 69.5 9.4
19.4 70.7 10.8
69.6 41.1 6.2
13.9 8.3 8.0
79.3 59.3 5.1
8.8 48.9 8.7
36.1 86.1 8.9
26.0 18.0 5.8
80.6 74.5 7.6
9
42.7 6.8 5.2
23.3 9.5 5.0
20.1 40.3 8.8
47.3 27.9 9.4
69.1 15.9 8.1
34.3 70.3 15.5
93.2 23.4 5.8
91.9 74.6 7.7
57.4 49.4 8.6
2
25.1 90.5 7.3
29.1 26.7 10.9
5
86.2 69.2 5.1
23.7 16.5 10.8
13.4 80.1 12.4
40.7 7.0 5.5
51.9 41.3 12.8
9
52.6 22.4 9.4
33.8 73.5 24.4
82.1 21.7 10.5
93.8 5.9 5.9
58.5 47.1 5.4
81.7 70.7 7.6
86.7 50.2 6.4
10.5 40.4 7.0
30.3 10.8 10.5
5
77.1 23.1 13.0
33.9 78.9 20.5
28.2 27.8 20.6
88.4 90.2 8.4
59.2 10.6 6.9
2
43.7 15.8 14.5
72.1 8.4 5.0
5
82.9 19.4 16.7
74.6 59.4 21.6
6.9 53.8 5.6
19.8 45.0 6.9
45.9 15.6 9.9
3
47.3 64.5 13.1
13.6 44.2 5.7
58.0 11.6 9.9
4
34.6 42.2 32.1
6.7 10.7 6.0
78.4 86.8 9.8
48.9 80.9 5.5
3
11.2 88.2 9.4
12.6 33.7 11.2
75.1 69.0 5.5
2
51.7 64.0 36.0
92.2 50.3 6.6
4
29.5 32.3 12.6
57.5 39.9 7.5
22.8 61.4 14.8
74.1 74.4 20.9
5
17.1 81.6 6.5
90.6 88.6 6.0
85.2 47.0 6.8
86.4 14.7 13.4
13.7 30.7 5.7
1
52.5 36.1 29.6
7
41.4 28.6 8.1
49.6 74.9 19.6
74.8 26.9 14.8
88.2 45.4 6.7
19.3 74.3 5.2
89.6 64.4 8.0
11.5 38.8 8.3
3
90.9 42.2 8.5
48.3 81.7 11.4
32.8 21.6 14.3
4
65.4 13.4 12.5
61.4 43.7 17.1
79.6 87.2 5.9
12.7 23.3 7.3
1
22.6 55.3 12.8
3
86.4 80.5 8.1
24.4 78.3 14.0
35.6 24.6 22.8
10
77.8 54.5 20.0
87.5 88.6 7.6
25.0 59.2 7.0
60.9 85.6 7.9
47.7 34.7 6.9
44.2 12.6 5.0
38.5 73.8 6.7
12.4 15.7 5.0
75.4 18.9 10.9
9.6 36.9 7.9
6
35.7 39.1 34.8
78.1 56.0 8.4
91.6 71.8 6.1
10.8 88.2 9.8
69.3 86.3 6.6
34.0 88.1 6.4
3
75.0 17.7 15.8
13.0 64.6 10.1
41.5 88.1 9.7
6
10.1 55.3 7.9
23.2 65.1 5.7
72.0 82.4 13.9
51.9 58.5 9.3
34.3 34.0 20.8
69.3 53.0 6.8
4
74.2 81.0 7.1
81.8 59.7 13.2
27.0 49.0 21.9
31.1 87.2 10.0
9
88.9 83.0 10.4
18.1 85.7 9.7
45.6 23.8 16.2
52.8 65.1 16.4
89.3 14.4 6.8
79.6 36.1 8.5
7.7 54.9 5.1
63.9 86.7 6.1
8.7 42.0 7.2
1
61.8 25.8 15.8
1
25.2 83.0 13.2
1
55.4 45.6 33.3
2
77.9 31.2 18.3
31.1 27.3 15.7
5
87.6 10.8 9.4
73.9 70.5 7.5
48.1 41.8 7.7
44.2 76.4 16.7
42.0 12.4 5.4
5
59.8 86.9 7.5
42.7 22.8 7.4
63.1 63.0 15.4
10.8 39.3 7.0
90.5 53.3 6.7
8
16.9 68.4 15.8
39.6 28.6 11.4
81.9 37.0 8.2
71.8 17.7 7.8
84.9 24.1 5.0
59.6 75.7 17.7
33.4 85.9 6.2
18.2 12.8 5.1
2
26.1 35.2 12.2
9.0 19.3 9.0
10
18.1 82.7 15.8
60.6 22.4 21.6
25.9 37.4 13.1
46.6 84.2 9.8
73.3 54.9 8.4
73.3 77.0 11.1
90.6 51.0 8.3
35.7 57.6 8.2
29.0 11.1 9.4
5.6 57.2 5.6
3
70.6 61.7 8.5
28.3 75.9 19.8
46.4 12.4 12.4
6
17.8 10.4 7.2
71.1 68.0 13.2
42.1 85.8 8.6
49.8 36.8 21.5
17.0 77.2 14.1
14.9 31.8 7.3
5
26.4 62.1 10.2
74.1 11.3 11.1
44.6 64.9 5.5
23.5 37.0 8.5
76.4 65.4 8.8
10
33.2 11.1 7.6
34.1 56.3 18.2
74.4 59.6 10.1
15.4 92.4 6.8
56.4 91.5 5.8
36.1 90.9 7.9
86.3 41.5 8.1
55.6 40.6 7.7
12.7 46.5 5.0
79.4 17.8 6.0
5
21.9 24.7 10.4
31.7 50.0 11.0
78.4 50.9 10.7
85.6 20.8 7.4
14.2 43.2 5.2
2
44.2 63.6 23.1
42.6 14.3 10.2
6
63.3 89.8 9.6
32.3 36.0 22.9
38.7 83.7 13.7
11.0 72.6 7.1
69.7 29.2 6.3
80.1 61.6 15.4
5
27.5 49.1 10.8
87.2 48.1 12.6
66.6 20.6 18.0
25.3 15.0 5.3
23.6 70.3 9.5
1
38.3 45.3 16.5
10
27.1 55.3 9.5
85.9 81.8 8.5
62.6 12.4 10.8
40.5 12.9 7.9
8.6 27.5 5.2
63.6 45.2 15.7
91.8 21.1 7.2
7.6 43.7 6.9
22.3 88.2 9.5
58.2 89.8 7.1
4
43.6 73.5 20.4
70.0 10.4 6.9
10.5 52.7 7.7
73.1 53.3 9.6
10
67.6 55.8 15.3
73.3 11.8 10.8
38.7 18.3 10.4
13.0 48.3 11.7
90.5 68.2 8.4
13.1 71.5 5.9
40.8 82.6 16.2
93.7 87.6 5.3
66.8 80.9 9.8
94.2 20.3 5.1
1
24.9 92.7 5.5
1
47.0 63.1 35.8
2
90.8 20.4 6.3
45.3 52.2 45.1
6
48.8 40.2 30.1
15.5 77.5 14.4
89.6 47.3 5.2
67.1 86.6 7.0
39.3 93.0 6.0
88.5 67.4 11.2
1
88.3 10.7 8.5
1
53.5 37.5 22.6
10
11.1 58.2 6.0
16.7 82.2 16.0
64.5 26.2 25.9
88.1 75.0 11.9
44.8 56.4 6.3
12.0 16.1 7.8
50.1 84.8 12.1
70.5 90.8 6.3
31.6 10.8 10.4
15.3 31.9 7.9
3
60.6 41.2 22.7
25.7 10.3 9.7
86.3 19.4 7.3
2
63.7 92.8 6.6
22.2 11.5 6.7
7
48.3 75.4 22.5
50.6 35.5 6.6
10.8 73.5 8.7
70.0 13.9 8.9
70.3 48.7 12.0
7.2 57.5 5.4
15.5 22.3 8.9
3
53.3 61.2 31.9
16.0 27.4 15.2
14.6 72.8 5.6
2
74.7 61.0 21.0
25.2 42.7 25.0
9
28.8 35.7 27.0
80.6 69.8 6.4
87.8 89.7 7.9
74.3 5.5 5.0
46.8 76.0 8.0
78.6 47.1 8.7
10.1 77.7 8.7
59.6 65.6 8.3
45.9 92.2 5.4
2
42.5 34.0 14.9
67.9 64.9 8.0
8
81.6 31.2 11.3
68.5 55.4 12.0
34.3 84.5 12.8
45.5 20.7 5.1
23.3 18.8 16.9
29.5 54.0 9.4
60.4 94.9 5.0
9.2 90.6 7.3
7
19.2 31.2 17.2
66.9 62.0 17.5
7.8 10.6 6.0
91.3 27.7 8.3
54.1 34.7 6.3
88.4 11.7 5.4
91.8 67.2 6.0
8
79.2 26.6 12.9
69.8 82.0 6.8
71.8 60.4 6.2
24.6 51.1 8.8
54.8 62.6 6.0
49.0 28.1 15.9
28.1 80.4 8.4
41.2 90.4 7.2
1
90.9 80.7 5.5
6
37.0 74.9 18.5
76.0 35.0 5.9
43.1 18.0 7.8
15.9 29.0 6.1
65.7 43.5 7.1
9.0 61.2 5.9
3
27.8 73.4 13.2
77.1 40.1 10.5
66.1 5.3 5.3
7
56.4 9.9 8.3
72.7 19.8 5.0
85.4 51.6 11.0
25.0 60.3 10.5
13.9 35.7 9.1
49.3 74.3 16.7
32.3 11.8 9.5
1
79.5 50.8 7.2
5
26.7 39.2 15.4
72.8 30.0 27.2
29.1 81.2 7.2
52.9 88.0 10.5
9.3 76.6 7.1
7
58.9 54.0 39.0
10.6 8.9 5.5
27.4 90.0 6.7
87.9 93.1 6.1
54.5 6.2 6.2
37.0 8.2 5.2
82.3 9.9 7.7
10
32.0 62.0 17.3
30.1 21.8 17.7
62.1 25.1 10.2
77.4 66.7 20.5
9.5 90.2 5.7
49.3 88.5 6.0
87.1 22.7 9.5
11.1 8.0 5.6
34.1 89.6 6.5
66.2 92.4 6.7
1
87.2 42.8 10.8
6
19.6 81.0 11.1
73.5 86.7 12.6
74.1 43.8 16.1
26.4 43.2 14.2
9.4 12.4 6.1
62.2 10.0 5.9
3
56.8 68.9 22.7
21.0 28.0 18.9
14.6 63.6 12.9
6
23.7 53.0 16.6
52.5 24.1 22.1
70.0 70.8 15.5
86.1 29.4 11.4
37.1 89.7 9.7
91.6 90.2 7.3
8
26.2 67.0 7.5
56.0 50.5 8.1
85.9 63.9 10.1
50.6 78.5 9.3
31.0 28.0 12.0
26.4 87.7 8.3
43.2 93.6 5.4
57.0 23.3 5.0
6
75.5 55.8 15.6
33.9 49.5 11.3
9.3 41.7 5.5
38.7 16.6 5.5
37.2 73.7 11.5
11.9 24.0 5.7
2
38.0 23.7 6.7
89.7 87.5 8.5
5
78.0 78.8 19.9
52.8 49.5 14.4
30.5 10.0 8.7
31.9 74.9 7.2
83.0 34.2 14.3
6
14.3 16.1 5.7
38.2 91.6 7.9
61.6 68.9 23.6
22.4 45.7 20.8
15.0 71.4 5.5
90.7 55.1 5.0
3
34.8 11.8 5.1
81.7 25.1 8.9
47.3 65.7 24.6
3
33.7 42.3 6.3
46.4 80.1 16.3
21.2 56.5 8.2
3
31.5 37.3 29.7
33.8 91.9 6.1
58.8 9.6 7.0
2
14.3 26.1 6.8
35.8 18.7 5.7
3
20.1 90.2 8.3
44.4 47.6 23.4
94.0 30.2 6.0
9
35.2 50.4 29.0
78.7 70.7 18.0
69.7 18.9 10.7
38.0 92.1 7.1
19.9 87.2 8.4
91.7 36.7 5.3
40.2 6.8 6.1
92.4 5.3 5.3
6.1 25.1 5.1
4
51.6 67.0 8.7
24.2 79.8 18.5
87.2 87.1 5.8
80.4 53.6 11.5
3
71.9 12.3 5.6
66.7 71.2 14.7
39.3 18.9 16.5
4
87.6 27.0 12.3
18.1 63.6 11.6
72.7 44.0 9.0
59.8 70.4 10.3
4
55.7 59.2 8.0
66.9 31.1 9.3
62.4 11.8 7.2
61.7 78.3 8.0
10
69.9 63.5 18.2
28.1 62.6 15.4
43.8 23.1 8.2
77.3 22.2 14.0
31.2 88.0 6.9
14.3 36.5 9.4
12.5 85.1 7.6
86.1 86.3 9.7
43.6 94.1 5.1
6.7 14.8 5.3
6
90.8 23.5 8.8
41.1 13.7 7.5
51.4 44.3 8.8
11.7 40.0 7.2
84.0 44.3 8.9
75.3 88.1 7.6
4
76.1 9.1 7.6
71.9 36.1 5.1
64.2 69.3 17.4
35.1 86.9 6.8
7
81.4 54.7 17.1
22.4 88.4 8.2
31.7 61.5 7.7
49.3 24.8 10.8
90.9 24.8 6.9
58.1 88.6 8.7
23.0 41.2 9.5
7
80.8 25.9 5.9
17.2 29.1 8.9
34.9 38.5 8.5
20.4 58.8 12.0
63.3 81.4 5.5
15.9 9.6 7.1
28.6 88.0 8.6
9
88.5 7.1 6.0
37.4 34.3 32.2
85.0 56.8 9.9
80.1 83.4 5.7
36.0 77.4 5.4
7.1 10.3 6.1
87.2 22.4 6.1
20.6 82.9 5.1
11.0 89.1 5.1
4
83.6 73.9 6.8
79.8 17.9 8.5
92.7 93.4 5.5
91.6 58.4 5.1
1
68.0 71.7 15.8
1
46.3 10.1 9.4
2
77.9 75.8 8.0
32.4 43.2 31.8
3
63.4 10.5 6.0
36.2 91.7 5.3
85.5 53.8 10.2
9
40.8 81.6 5.4
62.0 43.9 33.6
12.2 63.4 5.4
69.9 86.4 7.7
24.6 79.9 10.7
8.4 36.8 7.7
21.5 12.6 9.2
52.7 91.9 6.5
90.7 10.8 8.3
4
18.2 74.7 14.9
89.1 56.4 5.7
58.5 28.5 16.0
11.2 16.5 7.5
4
22.3 28.3 11.3
68.3 58.6 7.7
73.7 44.3 5.0
24.9 74.9 23.9
3
71.0 18.0 17.8
16.7 54.7 9.6
63.3 67.6 28.0
9
70.8 85.6 8.1
30.9 16.1 10.2
44.8 78.9 12.4
91.9 40.4 7.6
8.7 32.4 6.7
61.7 42.5 9.6
59.9 18.0 8.9
8.5 56.1 6.0
7.7 87.8 7.3
1
84.4 76.2 12.9
6
78.4 51.2 21.3
28.5 30.2 21.8
90.2 22.1 8.9
80.0 83.6 10.9
8.0 83.6 7.9
36.3 84.1 12.9
8
21.0 76.0 5.5
45.2 8.7 6.6
9.4 22.0 7.9
87.5 59.5 8.9
23.3 46.7 17.7
23.8 9.3 7.7
85.8 27.5 13.0
59.0 88.1 11.4
4
37.3 24.0 19.7
78.8 65.4 18.5
16.6 82.2 5.3
68.4 13.4 11.1
8
78.6 78.3 12.7
81.3 54.7 10.7
41.9 60.3 16.5
72.5 13.0 7.3
21.7 40.4 8.7
91.2 93.6 6.2
22.1 17.6 11.6
22.1 84.7 5.4
7
78.4 79.4 7.0
35.7 12.7 12.0
27.9 67.1 10.7
22.4 34.9 7.5
8.2 20.5 6.9
51.4 47.1 12.6
69.2 16.4 10.5
3
60.0 58.5 25.8
78.4 31.3 6.3
20.9 67.4 8.1
9
73.5 42.7 17.0
17.7 28.4 11.8
48.4 75.0 8.7
87.2 20.0 7.0
25.7 57.9 13.3
22.1 91.0 8.6
39.6 39.4 5.4
75.4 91.9 6.0
43.5 17.3 14.1
4
61.2 85.6 5.7
28.1 33.7 15.1
52.5 54.9 10.2
79.1 61.3 10.5
10
89.8 42.3 10.0
41.2 38.9 30.7
91.6 87.6 7.9
66.5 90.0 9.6
9.1 8.7 8.5
17.8 88.3 6.8
89.2 68.3 5.5
26.1 73.9 5.2
46.0 90.2 9.0
87.2 21.6 10.0
3
48.7 55.8 27.5
87.6 17.5 9.1
23.8 81.8 7.9
9
24.0 33.7 10.2
77.9 6.2 5.8
57.4 80.7 12.9
34.9 84.8 9.4
18.6 65.3 6.1
69.7 20.5 5.9
87.7 34.9 5.3
78.9 66.4 8.2
49.9 11.3 5.3
9
18.1 14.5 12.3
69.7 68.2 16.0
72.2 16.3 14.7
27.7 65.2 24.9
89.8 49.8 6.2
6.6 32.6 6.1
76.2 93.6 5.6
92.9 36.8 5.8
89.0 85.8 5.0
8
48.0 73.8 23.1
87.5 10.8 9.1
12.8 33.9 6.2
77.9 48.9 6.1
10.1 59.4 8.6
65.5 15.4 8.0
26.5 21.0 11.5
85.4 29.8 7.9
2
39.6 22.9 13.8
13.0 8.3 7.4
1
28.3 70.1 15.3
1
83.9 41.7 14.5
7
18.4 23.6 11.1
30.9 79.0 10.2
66.7 19.4 18.2
16.6 46.7 9.4
89.2 52.9 6.6
77.6 74.6 8.5
11.4 71.4 7.8
3
36.6 92.4 7.2
61.9 89.3 6.9
41.4 26.7 8.3
10
60.6 60.6 27.0
20.7 75.5 13.5
18.7 20.3 10.1
73.8 8.9 7.0
88.4 32.3 11.2
48.4 11.8 7.1
8.5 6.7 5.0
40.2 26.4 5.0
35.4 91.5 5.1
15.6 47.1 15.0
1
52.5 67.0 21.8
10
75.5 47.9 7.5
64.4 78.3 10.8
41.4 82.1 5.2
51.6 56.7 6.1
29.1 75.0 8.3
22.3 43.3 21.0
93.8 85.8 5.2
44.7 92.7 5.8
65.5 7.5 5.1
50.0 11.9 10.2
10
47.9 19.7 9.2
89.2 45.4 7.7
58.8 63.7 11.0
37.6 35.3 6.2
8.4 73.1 5.3
11.9 53.9 10.1
83.4 74.2 12.2
79.8 14.1 10.8
33.9 81.3 15.9
9.8 11.7 7.1
2
23.4 48.9 17.3
45.0 66.9 10.3
9
8.7 80.8 5.0
88.0 43.1 10.8
58.8 37.0 6.0
26.2 16.9 5.5
79.2 74.8 20.0
33.1 69.6 16.0
25.4 43.9 8.3
9.2 70.2 5.3
74.1 17.9 17.6
1
7.4 62.0 5.8
4
87.0 71.6 8.6
86.6 30.2 8.9
15.9 38.0 10.3
49.4 66.1 8.5
7
55.5 19.1 5.0
26.2 64.0 15.5
85.3 87.7 7.0
80.0 13.5 10.2
57.3 74.8 12.3
27.0 23.2 11.4
77.5 35.5 11.0
9
42.6 86.7 12.1
66.5 18.3 17.2
20.2 62.5 17.9
86.7 45.2 11.7
93.8 11.8 5.1
9.6 13.8 9.1
39.7 12.2 8.8
56.4 65.8 8.9
73.5 76.2 6.0
2
58.4 56.4 10.5
88.6 53.8 10.4
6
84.4 69.3 6.6
34.1 37.4 33.2
42.1 90.0 10.0
87.7 55.9 5.9
6.2 73.0 5.1
91.3 16.2 6.2
7
12.9 85.2 9.6
53.3 45.9 9.6
67.2 79.6 5.9
19.3 46.9 10.1
46.3 88.6 9.2
70.2 13.5 5.2
42.8 22.8 12.6
9
52.0 7.3 5.4
48.7 26.6 7.9
84.4 40.4 7.5
30.2 79.0 13.0
38.5 53.5 6.8
22.0 27.8 13.2
65.2 78.5 9.2
90.1 76.6 5.0
16.9 53.4 9.1
9
71.4 16.2 11.5
16.9 13.1 13.0
26.0 72.2 15.9
39.7 53.7 5.0
52.9 83.6 11.0
87.3 91.3 5.4
77.2 78.5 10.4
71.6 42.5 5.6
13.6 44.5 7.4
1
7.8 84.2 7.7
7
15.2 91.1 8.5
36.0 24.4 23.5
58.4 70.4 6.7
79.3 55.4 9.0
93.5 41.9 5.9
86.7 10.3 6.0
43.3 58.7 8.7
5
36.2 14.9 7.3
66.5 49.8 9.9
38.5 38.7 11.8
23.6 66.9 9.2
16.1 93.1 5.8
7
64.6 49.8 20.1
87.7 23.2 6.3
58.8 10.5 6.6
20.8 18.5 12.7
89.7 79.6 7.2
12.4 53.4 6.0
94.1 40.4 5.5
7
44.4 21.2 12.8
24.8 39.4 5.0
11.5 24.3 6.4
9.7 60.1 5.0
51.4 69.7 29.3
84.0 28.2 11.0
13.7 44.4 6.2
4
62.6 91.3 8.4
83.2 89.6 5.4
28.1 49.9 20.6
88.4 45.8 10.3
2
66.1 50.0 22.4
58.3 14.0 7.0
3
32.7 78.2 8.6
7.5 36.3 5.3
52.3 35.7 11.6
5
68.8 55.7 11.4
73.6 25.4 6.1
31.7 15.0 13.4
87.6 76.5 9.6
13.7 66.6 8.7
3
69.8 90.7 5.5
40.1 33.1 28.1
90.6 53.6 8.0
3
31.3 16.8 8.1
56.7 86.3 8.7
71.5 59.7 11.5
9
10.4 89.4 5.0
16.5 55.7 16.3
82.0 10.4 7.2
80.4 68.0 8.0
52.0 8.3 7.0
37.7 83.9 9.6
74.9 38.3 7.4
36.2 38.9 9.2
38.7 16.3 6.9
9
46.4 80.5 11.9
35.8 34.2 17.2
14.6 82.6 7.5
65.6 53.3 5.9
12.8 10.9 8.4
74.6 16.8 12.9
92.5 82.5 7.4
93.0 50.9 6.2
48.4 9.8 6.6
2
16.9 43.1 14.4
53.0 76.9 16.7
9
33.5 83.8 9.9
11.4 53.1 5.7
85.4 16.0 11.7
63.8 57.2 28.8
15.9 31.6 15.2
21.1 70.5 5.1
32.5 17.5 6.3
61.0 12.8 8.4
20.9 10.0 6.1
8
15.1 29.2 7.9
84.1 56.9 7.3
71.9 91.5 6.8
70.8 14.6 9.2
57.4 44.8 20.7
39.1 87.0 9.8
25.1 72.7 6.2
89.7 7.8 5.4
4
51.2 8.5 6.4
33.7 93.8 5.2
88.5 79.3 6.4
28.5 43.8 20.7
3
25.0 74.2 18.1
53.7 80.9 10.5
87.5 68.6 10.1
1
59.9 12.9 5.3
7
52.5 74.6 5.3
90.1 10.5 8.4
57.7 42.3 11.3
84.0 59.3 7.7
13.2 53.5 11.0
6.8 7.3 6.7
38.7 92.8 6.1
8
38.3 59.9 28.8
83.6 70.3 14.4
53.0 14.0 6.9
68.6 6.0 5.5
11.5 81.0 5.2
17.9 21.8 11.2
80.0 13.7 5.6
84.9 43.9 5.4
5
59.6 73.1 8.2
81.9 52.1 17.1
56.0 48.5 8.5
32.4 75.2 16.9
37.6 16.1 7.8
9
9.2 43.6 8.2
72.5 17.4 15.8
42.3 68.1 12.7
16.5 8.9 7.4
89.7 43.8 8.7
79.4 83.9 16.0
19.8 86.7 8.8
38.4 16.8 7.5
8.7 27.0 6.2
7
59.2 62.6 33.0
6.9 40.0 6.9
16.2 86.8 9.4
94.3 79.5 5.6
8.3 9.7 8.0
47.4 9.6 5.1
13.9 60.0 5.2
2
11.1 22.9 6.7
26.3 79.4 19.8
10
26.4 30.7 23.9
34.6 60.6 6.4
77.2 37.6 22.3
68.4 7.5 5.6
76.6 87.3 6.7
89.0 88.0 5.2
6.3 63.5 6.2
42.7 94.6 5.4
54.9 83.9 7.0
12.6 78.8 8.7
4
33.0 79.9 11.1
30.5 34.6 25.9
60.6 90.6 6.9
20.8 5.1 5.0
9
32.6 55.0 8.9
70.0 18.9 16.9
12.2 6.3 5.4
88.1 33.8 5.2
60.1 85.7 8.9
84.2 50.9 6.9
88.6 92.4 5.6
16.1 39.5 10.4
38.3 89.8 7.0
5
17.2 65.1 15.2
55.2 49.7 5.7
21.7 21.1 19.8
85.5 85.1 9.5
62.0 74.4 5.1
3
26.9 67.3 24.6
69.8 25.7 24.4
17.6 21.5 8.5
9
32.8 8.7 8.5
33.5 84.9 12.7
93.0 43.0 5.0
83.6 23.3 5.5
8.4 48.0 5.0
69.6 91.3 6.0
9.7 80.1 6.2
92.0 64.2 7.2
17.8 21.6 10.0
10
25.0 17.9 14.7
32.9 85.7 8.7
52.7 56.4 13.2
22.0 74.6 6.4
80.9 18.3 10.6
27.9 49.0 11.7
89.4 92.1 6.1
88.8 38.5 6.4
78.9 61.7 6.7
70.9 33.6 7.1
9
21.3 40.2 17.4
92.8 73.0 5.8
74.4 33.0 17.4
20.7 83.2 9.5
69.1 59.5 6.6
50.6 8.5 5.9
47.5 76.3 10.2
10.8 14.8 5.6
35.5 9.7 7.0
4
10.5 37.3 10.1
28.2 66.4 15.6
34.1 24.8 13.0
61.7 63.6 14.0
4
77.8 46.8 10.5
41.7 78.4 6.1
14.1 35.4 8.5
13.7 64.5 8.8
3
42.9 88.2 6.1
12.9 61.2 10.3
67.6 46.6 7.1
9
54.7 22.8 22.8
43.2 86.6 12.4
90.1 84.4 5.4
26.0 7.3 7.1
88.3 54.3 11.5
23.1 92.4 6.4
19.4 33.0 7.6
9.8 70.6 8.7
11.1 94.5 5.1
7
70.6 72.1 27.1
58.7 13.1 12.8
37.6 50.7 10.4
9.7 21.2 5.8
29.2 11.4 5.9
10.5 65.0 6.7
21.6 90.0 8.8
5
79.7 56.2 10.2
56.6 88.3 8.3
16.2 11.2 10.7
91.9 13.7 6.4
35.8 50.5 7.6
7
41.9 88.0 6.8
56.0 25.6 25.5
15.7 38.4 7.2
32.2 58.2 11.9
78.4 68.7 19.2
7.8 76.7 6.5
14.6 11.5 10.7
2
31.7 57.2 8.7
27.2 13.3 6.4
1
58.7 84.0 10.3
1
54.0 89.7 7.7
5
59.5 19.7 11.4
32.1 76.6 20.5
41.9 52.6 5.2
11.1 23.1 5.3
23.8 40.9 15.5
9
15.4 53.1 15.2
65.7 14.5 14.2
79.4 49.4 19.5
33.2 15.3 5.0
36.6 88.6 7.4
8.7 9.2 5.0
46.6 46.9 8.9
44.7 6.8 5.3
71.2 81.0 12.2
5
76.0 53.3 12.9
30.9 67.5 16.9
71.7 21.0 16.6
54.2 41.6 10.1
85.2 74.7 8.5
9
64.3 73.1 23.1
83.8 40.7 12.1
24.1 16.7 13.8
17.4 78.7 16.2
57.1 17.7 9.4
79.8 14.5 7.8
7.2 57.7 5.8
43.2 49.3 8.6
92.6 23.3 6.3
7
57.3 44.4 20.3
12.6 13.1 11.2
36.5 78.3 8.1
38.6 18.3 8.3
6.6 82.9 5.2
78.8 78.3 13.7
60.7 7.4 7.1
2
59.8 23.9 13.4
28.6 16.1 7.5
4
9.4 78.7 5.7
83.7 42.6 12.8
32.1 52.7 24.2
78.6 87.3 7.3
7
64.8 69.6 17.2
19.1 56.3 10.9
52.0 23.6 10.6
78.1 5.1 5.1
29.1 85.2 14.0
93.4 61.0 5.3
64.0 9.5 7.7
1
25.2 28.3 15.4
7
84.3 92.5 5.7
13.9 72.7 7.9
40.3 58.2 20.0
80.7 57.0 11.3
86.0 34.4 7.7
21.1 26.5 10.9
61.8 25.0 12.7
1
43.7 91.4 5.8
7
44.6 26.3 19.2
65.1 58.8 17.8
21.6 68.2 7.1
71.1 9.5 5.2
56.4 86.9 11.3
14.8 28.2 8.3
74.3 85.9 5.9
2
86.6 27.8 6.9
52.5 54.9 5.3
3
32.9 56.9 30.8
75.9 7.8 6.9
92.8 50.1 6.2
2
71.8 58.5 14.5
75.0 18.1 8.3
2
78.4 63.5 14.9
14.3 11.5 7.6
9
66.9 52.1 27.7
8.0 24.6 5.3
18.2 60.9 12.3
39.1 10.6 7.5
15.3 89.9 10.0
70.0 13.8 9.2
9.6 5.3 5.0
93.4 11.7 6.2
53.5 88.6 5.5
9
65.3 75.1 15.7
9.1 72.7 7.5
87.7 24.7 9.5
9.5 46.4 9.1
55.7 14.4 7.7
93.7 51.5 5.6
11.2 25.7 10.4
32.1 6.2 5.7
23.2 86.6 12.2
3
9.2 80.8 7.1
11.5 35.0 10.5
84.1 23.4 14.6
9
47.3 83.8 10.5
76.9 80.8 18.2
30.8 46.6 30.0
88.8 41.1 6.4
8.5 6.3 5.8
71.5 16.6 8.7
20.0 84.0 6.3
82.8 7.0 5.2
88.1 25.8 6.1
8
47.0 37.4 29.3
29.4 76.6 7.2
36.7 89.0 5.3
76.5 12.0 8.9
85.3 59.9 5.7
16.1 69.4 5.6
12.2 14.5 10.9
71.0 86.0 11.2
9
72.2 18.2 8.8
66.6 52.9 17.1
43.1 7.1 5.7
22.0 50.3 7.3
10.3 7.3 5.1
35.4 86.1 12.3
15.0 25.2 8.8
91.4 28.8 5.4
52.9 22.6 7.0
3
37.0 37.1 30.5
28.6 81.6 9.3
89.6 28.9 8.6
7
69.9 24.9 16.0
71.1 90.5 7.6
23.0 36.5 9.9
31.5 83.6 13.0
41.3 22.9 12.2
91.9 38.2 7.3
9.7 17.1 7.7
2
40.0 67.3 21.4
21.4 42.0 8.5
1
90.1 22.9 5.3
2
90.2 54.5 7.6
44.1 14.4 8.7
4
25.0 21.8 11.0
10.4 56.5 7.3
70.3 66.7 6.1
47.3 64.7 7.7
6
74.6 85.7 11.2
76.0 63.3 6.7
35.2 74.1 24.7
88.2 28.5 9.8
70.0 38.6 9.0
57.0 13.6 10.5
8
22.3 43.8 14.9
31.4 78.7 11.2
82.1 69.9 10.7
64.7 17.5 5.3
27.8 10.8 10.5
53.2 35.1 6.7
7.5 23.7 5.3
43.6 61.7 6.8
5
65.5 29.2 18.9
89.0 56.1 5.4
20.2 69.4 20.0
74.6 77.3 16.4
27.9 8.8 6.8
5
51.6 63.2 27.4
82.4 21.7 16.6
33.3 14.7 12.3
13.4 22.0 6.2
8.0 91.7 5.3
8
75.1 22.1 13.7
58.2 71.5 23.7
16.0 42.6 9.5
28.3 19.2 13.5
11.9 88.9 10.9
36.9 92.9 6.4
91.2 11.7 5.4
47.7 10.1 7.1
9
72.0 30.6 6.5
43.7 11.0 10.2
25.0 63.1 20.3
80.7 7.4 6.1
37.1 89.1 7.7
70.1 89.6 7.3
90.0 26.6 7.3
92.3 77.0 7.1
90.8 41.6 6.1
2
80.8 33.2 18.2
76.2 80.7 10.1
6
39.2 80.6 17.1
74.7 16.5 9.2
94.3 11.0 5.3
18.3 67.0 5.5
13.8 25.6 6.5
76.4 43.3 6.9
5
45.9 67.7 13.1
14.1 68.0 9.8
57.8 27.1 26.4
11.0 16.0 7.0
87.1 74.2 9.3
3
45.9 9.0 7.5
27.1 84.3 10.5
76.5 55.1 5.6
1
38.3 63.3 16.9
2
17.4 64.9 16.5
9.0 20.0 7.4
9
48.6 79.8 6.4
75.5 68.0 22.6
21.6 64.6 16.7
6.1 86.8 5.7
45.4 26.3 8.2
80.1 28.9 11.8
27.5 88.8 6.4
24.3 12.3 8.7
45.2 93.9 5.5
2
71.8 58.0 7.2
23.3 73.9 6.3
3
23.0 71.6 5.3
8.8 71.6 6.0
77.3 44.6 22.0
3
53.6 60.0 34.8
14.8 16.5 7.0
94.1 50.7 5.4
3
46.9 33.0 17.7
8.0 23.7 7.6
32.7 79.2 8.5
4
11.3 70.3 6.3
14.8 23.6 8.3
72.4 90.6 5.0
38.9 92.3 7.2
7
89.0 41.2 7.4
11.4 80.9 8.1
80.4 68.4 6.4
24.7 10.6 7.3
56.7 22.4 10.9
34.7 29.0 9.5
57.1 79.8 9.0
7
75.1 77.9 5.2
31.2 30.5 14.3
43.8 61.5 7.0
9.1 72.3 8.8
55.5 27.5 6.3
85.6 91.1 7.6
88.5 11.3 6.9
7
28.0 56.5 19.3
64.6 67.0 11.9
93.7 88.7 6.0
62.9 13.9 13.5
89.7 27.5 5.5
15.3 18.5 7.0
56.6 85.2 5.0
4
40.3 7.4 6.4
68.1 48.4 8.2
28.9 66.9 28.1
78.4 12.2 5.7
1
80.6 64.2 16.2
2
22.7 79.3 12.5
91.6 59.4 6.3
6
51.6 57.0 8.9
74.6 31.4 13.8
13.6 5.3 5.3
16.0 82.4 15.0
37.5 7.2 5.8
42.9 82.5 6.5
8
87.8 41.1 11.1
7.1 15.0 5.9
46.8 45.8 30.0
45.0 6.4 5.3
22.8 88.2 10.6
87.8 84.9 12.1
62.4 88.9 10.6
87.2 64.1 6.4
5
75.1 79.5 13.4
81.1 42.8 15.5
38.2 36.3 20.3
44.5 87.9 11.3
12.4 79.4 10.4
5
77.8 77.9 19.6
30.8 72.9 8.2
39.0 24.1 18.5
87.0 48.8 7.9
91.8 28.4 5.7
9
82.3 59.9 6.5
21.6 61.2 15.7
45.1 90.9 5.1
12.2 14.8 5.7
63.6 90.7 7.9
43.2 20.8 13.9
70.4 31.7 6.2
55.3 45.6 8.2
72.9 74.9 5.7
10
44.2 47.8 43.0
94.0 77.9 6.0
8.8 8.8 7.7
8.4 89.7 5.0
92.6 13.2 5.8
78.6 85.9 5.5
89.8 94.2 5.5
91.7 26.7 5.7
93.3 50.2 5.8
27.4 94.4 5.3
3
11.4 23.7 9.0
24.3 90.5 6.8
51.4 83.9 6.6
6
77.2 74.8 5.0
40.3 49.5 16.0
16.9 12.5 10.6
92.9 31.9 6.5
15.3 71.8 7.8
84.7 56.6 5.4
1
73.9 78.9 11.9
1
35.3 87.0 13.0
3
41.2 81.7 7.4
56.9 82.9 8.2
47.2 53.2 16.7
10
63.4 71.1 8.0
92.8 52.7 5.5
78.0 10.2 7.1
29.4 31.9 9.6
74.9 91.3 5.1
7.1 57.1 6.6
26.3 64.7 8.8
77.1 30.9 11.4
23.3 83.7 9.5
17.7 12.1 7.5
10
32.4 30.5 7.2
73.5 25.0 11.9
39.4 51.7 9.5
93.1 6.4 5.8
69.7 67.9 20.1
26.4 82.2 17.4
38.8 17.6 6.8
89.7 86.6 7.2
15.7 33.3 5.5
91.7 33.7 5.6
5
63.0 41.0 12.7
76.0 62.3 6.4
72.2 5.9 5.6
52.6 19.4 10.4
10.8 63.1 9.7
4
22.8 39.3 6.3
10.8 64.3 6.2
23.4 14.8 5.5
82.8 71.1 5.7
3
13.0 15.5 10.3
71.1 41.2 18.9
13.6 50.3 10.3
10
74.5 68.3 6.9
52.9 38.9 22.0
77.7 8.0 8.0
12.0 20.7 11.1
18.1 38.3 6.8
17.7 79.7 13.3
76.1 86.4 5.7
93.8 53.5 5.2
90.0 36.3 6.2
36.4 88.3 6.8
8
39.9 54.6 19.1
89.7 10.9 8.8
71.4 32.7 16.4
8.7 69.7 7.8
47.4 18.4 8.2
28.6 9.0 8.2
74.7 64.2 15.2
7.2 22.7 6.1
5
58.7 21.1 15.3
67.3 65.5 23.1
11.2 40.9 5.6
27.1 11.3 11.1
83.4 90.4 6.0
3
65.2 17.3 10.8
59.6 55.5 10.4
76.4 47.2 6.8
2
36.4 25.3 23.4
34.7 67.8 6.9
8
16.4 77.7 11.1
10.2 37.1 5.2
94.3 23.5 5.6
22.6 59.7 6.6
60.3 16.5 14.3
55.8 65.6 11.1
46.8 44.9 7.2
32.4 42.2 7.1
3
57.0 29.7 7.3
63.2 67.6 13.1
18.6 28.7 16.0
9
86.6 69.4 7.5
53.5 90.7 7.4
63.5 34.2 28.1
9.4 65.2 9.4
28.9 8.7 6.1
13.9 82.6 8.2
9.1 47.9 6.2
34.2 79.4 11.3
91.6 55.2 6.0
2
81.6 35.0 13.4
14.8 72.6 10.9
6
48.6 43.8 14.7
57.6 14.7 6.5
7.7 52.9 5.5
21.4 17.4 16.9
12.1 73.0 6.8
51.8 77.7 15.5
2
60.3 9.2 6.7
78.2 89.0 7.1
4
70.7 59.8 13.3
13.3 63.9 12.4
68.6 16.7 13.4
61.2 87.7 5.9
3
53.3 21.8 8.7
83.1 66.2 13.1
34.2 69.2 24.2
4
16.6 65.0 15.6
73.7 73.1 21.7
92.9 31.6 6.6
30.2 10.2 6.5
6
82.6 16.6 12.0
75.0 52.0 14.3
30.6 43.7 30.4
88.1 78.2 6.9
47.3 87.2 9.6
60.8 14.9 8.6
3
20.0 21.1 15.8
27.1 74.6 21.2
65.7 79.2 5.6
2
60.9 29.5 20.8
44.1 75.9 13.8
5
85.0 60.4 7.3
21.8 85.2 9.3
47.6 51.5 13.5
60.6 82.2 8.7
18.1 5.5 5.3
4
36.2 70.3 24.7
63.6 45.5 10.6
11.7 46.2 8.9
79.1 31.8 7.7
6
45.6 45.0 8.1
74.5 89.0 5.2
25.0 10.3 6.9
6.8 42.3 5.8
70.6 27.6 9.9
59.0 70.1 5.8
9
49.2 20.0 14.2
16.4 34.5 12.2
64.8 87.1 5.8
33.1 57.3 15.0
30.6 12.3 5.8
8.3 57.7 5.0
80.3 27.8 13.8
49.7 78.6 11.3
87.2 69.2 11.4
7
68.5 71.3 10.6
32.1 80.5 10.7
61.9 22.9 16.8
33.5 52.4 10.2
20.6 19.6 6.5
10.7 66.1 6.8
60.7 86.7 6.0
4
65.7 8.5 5.2
70.6 43.6 18.4
12.3 22.4 9.0
86.6 90.2 7.9
1
26.3 21.7 17.4
2
74.7 59.2 17.5
70.0 9.7 9.0
3
21.0 40.4 5.4
24.2 62.2 9.1
90.3 8.3 6.4
2
32.3 61.9 13.5
76.0 75.2 22.4
3
49.5 7.1 5.0
70.2 57.2 21.3
20.0 20.1 18.0
5
57.8 39.3 16.8
17.7 23.3 15.8
93.7 94.5 5.5
29.0 68.2 6.5
86.9 16.2 11.0
6
11.8 15.1 6.7
59.8 36.0 18.5
6.5 33.8 5.9
92.7 64.5 5.0
22.9 68.8 18.5
24.8 19.0 6.5
10
23.0 12.9 10.5
33.0 48.7 6.8
54.3 30.2 12.7
88.2 26.2 6.7
89.1 10.7 6.3
77.9 62.1 9.6
32.9 74.5 7.5
93.5 70.5 5.8
50.6 88.5 7.5
10.1 91.5 5.0
1
30.2 63.6 13.8
10
58.4 44.3 27.2
8.9 33.3 7.2
69.7 11.7 6.7
31.4 91.1 7.1
10.8 89.5 6.9
11.9 68.6 10.8
62.5 84.4 7.9
23.0 17.7 9.0
91.6 57.2 6.4
87.3 82.5 8.7
5
79.8 67.0 13.6
48.5 68.0 10.9
19.2 71.3 9.1
25.9 49.7 11.1
67.7 14.9 5.8
8
85.3 43.4 13.8
29.0 28.6 8.9
54.7 70.6 23.1
7.8 41.1 7.0
39.4 13.2 5.1
15.1 7.1 5.0
56.4 9.8 5.9
81.5 85.7 7.3
2
30.1 29.9 5.7
16.0 76.4 5.6
8
88.2 82.6 7.2
6.7 38.8 6.6
84.5 15.7 11.9
55.4 70.7 13.5
47.7 42.8 10.2
38.4 82.9 6.6
82.1 70.4 5.8
19.7 67.7 17.0
3
71.0 41.5 7.3
59.5 16.3 5.3
34.9 71.6 10.3
10
66.7 37.3 10.9
32.7 11.5 6.4
35.7 88.9 9.6
55.3 16.1 5.0
68.0 6.2 6.1
78.6 74.1 8.8
12.3 90.5 6.0
87.5 50.7 6.6
31.0 46.4 25.1
81.5 19.3 8.2
3
57.7 24.9 9.9
17.8 63.2 15.8
66.0 80.8 9.7
6
19.6 82.1 5.1
11.5 31.0 11.5
85.1 45.0 10.9
43.4 47.3 17.1
51.8 17.3 8.5
85.5 14.8 7.3
5
49.0 48.0 47.4
92.9 5.7 5.3
89.4 87.1 6.8
7.8 93.0 5.4
13.2 6.6 5.7
9
42.3 86.6 8.1
22.9 36.0 21.2
82.0 50.7 12.5
80.6 16.4 8.9
17.7 72.1 5.7
88.7 78.4 5.2
66.6 72.3 11.7
83.6 92.6 6.4
20.0 86.0 5.7
3
82.3 84.3 10.9
34.6 55.7 23.0
71.6 19.6 18.6
7
64.5 84.3 11.8
72.5 45.5 13.6
9.9 20.2 6.1
24.9 35.3 12.2
27.3 58.9 6.0
33.1 86.6 11.5
49.9 17.6 6.8
5
73.8 79.5 15.4
86.1 15.6 7.2
19.2 29.5 9.2
18.6 10.8 8.5
56.4 24.0 17.7
8
74.4 91.7 7.7
23.9 28.0 21.5
72.0 35.0 15.6
65.4 73.2 7.8
26.9 79.1 7.3
47.9 10.1 6.6
87.3 61.3 10.9
51.1 57.3 9.0
1
85.6 32.3 12.7
8
8.8 51.3 7.4
68.1 60.8 13.7
31.9 64.6 7.2
25.5 39.6 9.8
45.1 44.6 7.4
91.3 59.4 8.5
54.0 12.7 7.1
51.7 84.0 8.5
8
58.2 78.7 5.7
83.1 91.1 6.7
82.7 33.1 16.4
20.4 32.5 8.5
31.1 64.3 9.4
13.4 10.2 8.1
46.0 19.9 12.9
69.8 8.8 6.0
1
30.6 18.1 13.4
3
68.8 46.1 18.3
24.6 86.6 12.4
27.5 13.8 5.6
4
64.1 78.8 5.8
47.7 60.9 7.1
67.4 34.2 20.2
19.2 7.5 5.8
8
48.2 90.0 5.7
57.9 8.3 6.8
79.0 65.0 19.2
15.2 18.4 9.0
89.0 21.2 9.5
43.9 39.2 11.6
29.3 87.4 11.4
14.1 55.2 12.8
3
78.7 43.4 19.5
58.7 83.2 16.3
19.9 86.1 13.3
8
67.7 45.1 13.7
46.2 69.3 17.9
83.6 73.1 7.9
13.2 33.7 10.6
20.1 17.1 6.8
48.4 24.0 8.0
94.0 51.2 5.8
90.8 27.8 7.8
2
92.6 50.2 7.2
53.1 88.3 7.1
6
15.9 12.4 11.0
79.1 24.5 16.4
79.3 62.6 8.4
11.0 82.3 7.6
32.5 32.2 14.6
67.7 91.4 6.7
4
76.5 23.2 6.2
47.0 35.4 12.1
25.0 31.1 6.7
19.7 91.5 5.5
5
93.3 45.4 5.7
15.4 89.0 5.0
87.7 67.1 5.9
59.2 37.7 6.1
39.6 68.6 21.4
6
53.0 10.6 6.1
77.1 34.1 19.7
43.8 76.5 10.3
71.9 88.2 8.4
12.5 67.0 11.3
39.5 13.7 7.3
10
33.7 11.9 10.7
18.7 78.0 13.5
22.4 54.8 9.2
56.3 12.7 7.3
38.5 38.1 6.1
75.5 80.6 18.8
93.5 61.3 6.5
66.3 39.4 20.8
8.2 47.1 6.1
16.8 9.6 5.1
6
75.4 50.8 20.4
26.2 17.8 6.5
38.4 40.8 15.6
46.8 11.3 6.0
70.0 16.2 14.4
19.3 79.4 17.6
4
86.6 61.5 6.8
24.8 32.3 16.7
49.0 66.1 22.3
88.5 16.1 8.2
6
22.5 81.5 15.7
34.2 25.2 22.1
81.6 28.3 12.5
16.4 54.6 8.1
94.4 66.7 5.4
49.2 78.1 10.1
8
50.5 58.1 24.8
81.4 14.7 9.8
89.2 84.5 10.6
71.0 88.0 7.7
19.2 9.5 6.2
14.2 50.4 8.1
86.0 35.7 7.8
57.5 15.6 8.1
8
86.8 28.7 10.4
80.8 64.1 5.4
46.6 35.1 22.2
17.2 78.6 8.1
61.6 88.6 6.6
50.6 73.2 6.3
84.2 91.4 7.0
12.4 26.5 11.2
1
22.0 31.8 14.4
4
94.2 43.0 5.6
77.7 91.4 5.2
23.3 49.1 14.8
62.0 19.4 9.1
7
67.4 61.7 16.8
35.3 19.4 12.4
19.7 72.4 13.9
55.2 6.3 5.0
66.8 31.9 7.0
40.2 47.8 10.9
88.3 24.5 10.4
1
37.6 50.9 6.2
2
19.9 26.0 12.6
89.3 88.4 9.4
1
71.9 29.7 23.3
2
43.4 75.7 20.6
58.2 12.4 5.7
2
18.6 11.4 7.5
68.4 60.9 29.2
3
69.0 75.7 23.7
58.3 13.7 8.1
44.2 39.5 13.2
8
47.8 28.3 18.5
70.7 68.9 9.6
73.4 90.0 8.4
69.3 13.5 6.6
14.0 75.9 11.0
39.8 62.7 7.1
9.3 33.5 8.8
78.6 49.0 8.2
10
24.8 73.1 11.0
6.8 38.9 5.1
62.1 55.8 15.5
67.1 92.7 5.2
25.2 14.1 5.7
17.3 31.6 7.1
78.9 77.7 9.3
50.5 89.0 7.4
80.3 16.1 5.4
60.1 18.8 11.4
2
27.6 32.6 9.1
75.4 69.2 17.5
10
14.6 65.3 14.2
37.0 7.6 6.7
87.3 78.0 9.1
50.0 6.1 5.5
12.4 23.5 11.7
44.3 45.4 16.0
72.4 9.9 9.5
83.5 31.7 13.5
30.1 88.3 7.9
75.2 53.3 8.7
1
75.2 10.0 8.1
8
79.8 55.6 19.1
26.4 40.1 7.4
41.1 80.9 5.1
17.2 77.2 16.2
42.7 55.6 7.5
65.6 89.8 6.4
72.8 17.8 11.3
14.1 29.8 6.2
7
49.3 77.0 12.1
70.4 21.7 16.5
51.7 57.6 7.0
16.3 82.7 10.1
26.0 42.8 22.4
82.5 55.2 13.3
30.3 9.8 7.0
2
60.5 62.5 24.0
92.4 88.6 6.7
6
60.4 44.4 31.2
30.7 86.4 9.6
80.3 76.0 5.5
14.8 42.3 10.5
78.0 5.6 5.1
57.3 93.2 5.5
